0.000 0.000 0.000 10.0000 20.0000 0.000 0.000
0.010 0.000 0.020 10.0001 20.0001 0.020 0.000
0.020 0.000 0.040 10.0004 20.0004 0.040 0.000
0.030 0.001 0.060 10.0009 20.0009 0.060 0.000
0.040 0.002 0.080 10.0016 20.0016 0.080 0.000
0.050 0.003 0.100 10.0025 20.0025 0.100 0.000
0.060 0.004 0.120 10.0036 20.0036 0.120 0.000
0.070 0.005 0.140 10.0049 20.0049 0.140 0.000
0.080 0.006 0.160 10.0064 20.0064 0.160 0.000
0.090 0.008 0.180 10.0081 20.0081 0.180 0.000
0.100 0.010 0.200 10.0100 20.0100 0.200 0.000
0.110 0.012 0.220 10.0121 20.0121 0.220 0.000
0.120 0.014 0.240 10.0144 20.0144 0.240 0.001
0.130 0.017 0.260 10.0169 20.0169 0.260 0.001
0.140 0.020 0.280 10.0196 20.0196 0.280 0.001
0.150 0.023 0.300 10.0225 20.0225 0.300 0.001
0.160 0.026 0.320 10.0257 20.0257 0.320 0.001
0.170 0.029 0.340 10.0290 20.0290 0.340 0.002
0.180 0.032 0.360 10.0325 20.0325 0.360 0.002
0.190 0.036 0.380 10.0362 20.0362 0.380 0.002
0.200 0.040 0.400 10.0401 20.0401 0.400 0.003
0.210 0.044 0.420 10.0442 20.0442 0.420 0.003
0.220 0.048 0.440 10.0485 20.0485 0.440 0.004
0.230 0.053 0.460 10.0530 20.0530 0.460 0.004
0.240 0.058 0.480 10.0577 20.0577 0.480 0.005
0.250 0.063 0.501 10.0626 20.0626 0.501 0.005
0.260 0.068 0.521 10.0677 20.0677 0.521 0.006
0.270 0.073 0.541 10.0730 20.0730 0.541 0.007
0.280 0.079 0.561 10.0786 20.0786 0.561 0.007
0.290 0.084 0.581 10.0843 20.0843 0.581 0.008
0.300 0.090 0.601 10.0902 20.0902 0.601 0.009
0.310 0.096 0.621 10.0963 20.0963 0.621 0.010
0.320 0.103 0.641 10.1026 20.1026 0.641 0.011
0.330 0.109 0.661 10.1091 20.1091 0.661 0.012
0.340 0.116 0.681 10.1158 20.1158 0.681 0.013
0.350 0.123 0.701 10.1227 20.1227 0.701 0.014
0.360 0.130 0.721 10.1299 20.1299 0.721 0.016
0.370 0.137 0.741 10.1372 20.1372 0.741 0.017
0.380 0.145 0.761 10.1447 20.1447 0.761 0.018
0.390 0.152 0.781 10.1524 20.1524 0.781 0.020
0.400 0.160 0.801 10.1603 20.1603 0.801 0.021
0.410 0.168 0.821 10.1684 20.1684 0.821 0.023
0.420 0.177 0.841 10.1768 20.1768 0.841 0.025
0.430 0.185 0.861 10.1853 20.1853 0.861 0.027
0.440 0.194 0.881 10.1940 20.1940 0.881 0.028
0.450 0.203 0.901 10.2029 20.2029 0.901 0.030
0.460 0.212 0.921 10.2120 20.2120 0.921 0.033
0.470 0.221 0.941 10.2213 20.2213 0.941 0.035
0.480 0.231 0.961 10.2309 20.2309 0.961 0.037
0.490 0.241 0.981 10.2406 20.2406 0.981 0.039
0.501 0.251 1.001 10.2505 20.2505 1.001 0.042
0.511 0.261 1.021 10.2606 20.2606 1.021 0.044
0.521 0.271 1.041 10.2709 20.2709 1.041 0.047
0.531 0.281 1.061 10.2815 20.2815 1.061 0.050
0.541 0.292 1.081 10.2922 20.2922 1.081 0.053
0.551 0.303 1.101 10.3031 20.3031 1.101 0.056
0.561 0.314 1.121 10.3142 20.3142 1.121 0.059
0.571 0.326 1.141 10.3256 20.3256 1.141 0.062
0.581 0.337 1.161 10.3371 20.3371 1.161 0.065
0.591 0.349 1.181 10.3488 20.3488 1.181 0.069
0.601 0.361 1.201 10.3607 20.3607 1.201 0.072
0.611 0.373 1.221 10.3728 20.3728 1.221 0.076
0.621 0.385 1.241 10.3852 20.3852 1.241 0.080
0.631 0.398 1.261 10.3977 20.3977 1.261 0.084
0.641 0.410 1.281 10.4104 20.4104 1.281 0.088
0.651 0.423 1.301 10.4233 20.4233 1.301 0.092
0.661 0.436 1.321 10.4365 20.4365 1.321 0.096
0.671 0.450 1.341 10.4498 20.4498 1.341 0.101
0.681 0.463 1.361 10.4633 20.4633 1.361 0.105
0.691 0.477 1.381 10.4771 20.4771 1.381 0.110
0.701 0.491 1.401 10.4910 20.4910 1.401 0.115
0.711 0.505 1.421 10.5051 20.5051 1.421 0.120
0.721 0.519 1.441 10.5194 20.5194 1.441 0.125
0.731 0.534 1.461 10.5340 20.5340 1.461 0.130
0.741 0.549 1.481 10.5487 20.5487 1.481 0.135
0.751 0.564 1.502 10.5636 20.5636 1.502 0.141
0.761 0.579 1.522 10.5788 20.5788 1.522 0.147
0.771 0.594 1.542 10.5941 20.5941 1.542 0.153
0.781 0.610 1.562 10.6096 20.6096 1.562 0.159
0.791 0.625 1.582 10.6254 20.6254 1.582 0.165
0.801 0.641 1.602 10.6413 20.6413 1.602 0.171
0.811 0.657 1.622 10.6574 20.6574 1.622 0.178
0.821 0.674 1.642 10.6737 20.6737 1.642 0.184
0.831 0.690 1.662 10.6903 20.6903 1.662 0.191
0.841 0.707 1.682 10.7070 20.7070 1.682 0.198
0.851 0.724 1.702 10.7239 20.7239 1.702 0.205
0.861 0.741 1.722 10.7411 20.7411 1.722 0.213
0.871 0.758 1.742 10.7584 20.7584 1.742 0.220
0.881 0.776 1.762 10.7760 20.7760 1.762 0.228
0.891 0.794 1.782 10.7937 20.7937 1.782 0.236
0.901 0.812 1.802 10.8116 20.8116 1.802 0.244
0.911 0.830 1.822 10.8298 20.8298 1.822 0.252
0.921 0.848 1.842 10.8481 20.8481 1.842 0.260
0.931 0.867 1.862 10.8666 20.8666 1.862 0.269
0.941 0.885 1.882 10.8854 20.8854 1.882 0.278
0.951 0.904 1.902 10.9043 20.9043 1.902 0.287
0.961 0.923 1.922 10.9234 20.9234 1.922 0.296
0.971 0.943 1.942 10.9428 20.9428 1.942 0.305
0.981 0.962 1.962 10.9623 20.9623 1.962 0.315
0.991 0.982 1.982 10.9821 20.9821 1.982 0.324
1.001 1.002 2.002 11.0020 21.0020 2.002 0.334
1.011 1.022 2.022 11.0221 21.0221 2.022 0.344
1.021 1.042 2.042 11.0425 21.0425 2.042 0.355
1.031 1.063 2.062 11.0630 21.0630 2.062 0.365
1.041 1.084 2.082 11.0838 21.0838 2.082 0.376
1.051 1.105 2.102 11.1047 21.1047 2.102 0.387
1.061 1.126 2.122 11.1259 21.1259 2.122 0.398
1.071 1.147 2.142 11.1472 21.1472 2.142 0.410
1.081 1.169 2.162 11.1687 21.1687 2.162 0.421
1.091 1.190 2.182 11.1905 21.1905 2.182 0.433
1.101 1.212 2.202 11.2124 21.2124 2.202 0.445
1.111 1.235 2.222 11.2346 21.2346 2.222 0.457
1.121 1.257 2.242 11.2569 21.2569 2.242 0.470
1.131 1.279 2.262 11.2795 21.2795 2.262 0.482
1.141 1.302 2.282 11.3022 21.3022 2.282 0.495
1.151 1.325 2.302 11.3251 21.3251 2.302 0.508
1.161 1.348 2.322 11.3483 21.3483 2.322 0.522
1.171 1.372 2.342 11.3716 21.3716 2.342 0.535
1.181 1.395 2.362 11.3952 21.3952 2.362 0.549
1.191 1.419 2.382 11.4189 21.4189 2.382 0.563
1.201 1.443 2.402 11.4429 21.4429 2.402 0.578
1.211 1.467 2.422 11.4670 21.4670 2.422 0.592
1.221 1.491 2.442 11.4914 21.4914 2.442 0.607
1.231 1.516 2.462 11.5159 21.5159 2.462 0.622
1.241 1.541 2.482 11.5407 21.5407 2.482 0.637
1.251 1.566 2.503 11.5656 21.5656 2.503 0.653
1.261 1.591 2.523 11.5908 21.5908 2.523 0.669
1.271 1.616 2.543 11.6161 21.6161 2.543 0.685
1.281 1.642 2.563 11.6417 21.6417 2.563 0.701
1.291 1.667 2.583 11.6674 21.6674 2.583 0.718
1.301 1.693 2.603 11.6934 21.6934 2.603 0.735
1.311 1.720 2.623 11.7195 21.7195 2.623 0.752
1.321 1.746 2.643 11.7459 21.7459 2.643 0.769
1.331 1.772 2.663 11.7724 21.7724 2.663 0.787
1.341 1.799 2.683 11.7992 21.7992 2.683 0.804
1.351 1.826 2.703 11.8262 21.8262 2.703 0.823
1.361 1.853 2.723 11.8533 21.8533 2.723 0.841
1.371 1.881 2.743 11.8807 21.8807 2.743 0.860
1.381 1.908 2.763 11.9082 21.9082 2.763 0.879
1.391 1.936 2.783 11.9360 21.9360 2.783 0.898
1.401 1.964 2.803 11.9639 21.9639 2.803 0.917
1.411 1.992 2.823 11.9921 21.9921 2.823 0.937
1.421 2.020 2.843 12.0204 22.0204 2.843 0.957
1.431 2.049 2.863 12.0490 22.0490 2.863 0.978
1.441 2.078 2.883 12.0778 22.0778 2.883 0.998
1.451 2.107 2.903 12.1067 22.1067 2.903 1.019
1.461 2.136 2.923 12.1359 22.1359 2.923 1.040
1.471 2.165 2.943 12.1652 22.1652 2.943 1.062
1.481 2.195 2.963 12.1948 22.1948 2.963 1.084
1.491 2.225 2.983 12.2245 22.2245 2.983 1.106
1.502 2.255 3.003 12.2545 22.2545 3.003 1.128
1.512 2.285 3.023 12.2847 22.2847 3.023 1.151
1.522 2.315 3.043 12.3150 22.3150 3.043 1.174
1.532 2.346 3.063 12.3456 22.3456 3.063 1.197
1.542 2.376 3.083 12.3764 22.3764 3.083 1.221
1.552 2.407 3.103 12.4073 22.4073 3.103 1.245
1.562 2.438 3.123 12.4385 22.4385 3.123 1.269
1.572 2.470 3.143 12.4698 22.4698 3.143 1.294
1.582 2.501 3.163 12.5014 22.5014 3.163 1.319
1.592 2.533 3.183 12.5332 22.5332 3.183 1.344
1.602 2.565 3.203 12.5651 22.5651 3.203 1.369
1.612 2.597 3.223 12.5973 22.5973 3.223 1.395
1.622 2.630 3.243 12.6297 22.6297 3.243 1.421
1.632 2.662 3.263 12.6622 22.6622 3.263 1.448
1.642 2.695 3.283 12.6950 22.6950 3.283 1.475
1.652 2.728 3.303 12.7280 22.7280 3.303 1.502
1.662 2.761 3.323 12.7611 22.7611 3.323 1.529
1.672 2.794 3.343 12.7945 22.7945 3.343 1.557
1.682 2.828 3.363 12.8281 22.8281 3.363 1.585
1.692 2.862 3.383 12.8618 22.8618 3.383 1.614
1.702 2.896 3.403 12.8958 22.8958 3.403 1.643
1.712 2.930 3.423 12.9300 22.9300 3.423 1.672
1.722 2.964 3.443 12.9643 22.9643 3.443 1.701
1.732 2.999 3.463 12.9989 22.9989 3.463 1.731
1.742 3.034 3.483 13.0337 23.0337 3.483 1.761
1.752 3.069 3.504 13.0686 23.0686 3.504 1.792
1.762 3.104 3.524 13.1038 23.1038 3.524 1.823
1.772 3.139 3.544 13.1392 23.1392 3.544 1.854
1.782 3.175 3.564 13.1747 23.1747 3.564 1.886
1.792 3.211 3.584 13.2105 23.2105 3.584 1.918
1.802 3.246 3.604 13.2465 23.2465 3.604 1.950
1.812 3.283 3.624 13.2827 23.2827 3.624 1.983
1.822 3.319 3.644 13.3190 23.3190 3.644 2.016
1.832 3.356 3.664 13.3556 23.3556 3.664 2.049
1.842 3.392 3.684 13.3924 23.3924 3.684 2.083
1.852 3.429 3.704 13.4294 23.4294 3.704 2.117
1.862 3.467 3.724 13.4665 23.4665 3.724 2.151
1.872 3.504 3.744 13.5039 23.5039 3.744 2.186
1.882 3.541 3.764 13.5415 23.5415 3.764 2.222
1.892 3.579 3.784 13.5793 23.5793 3.784 2.257
1.902 3.617 3.804 13.6172 23.6172 3.804 2.293
1.912 3.655 3.824 13.6554 23.6554 3.824 2.330
1.922 3.694 3.844 13.6938 23.6938 3.844 2.366
1.932 3.732 3.864 13.7324 23.7324 3.864 2.404
1.942 3.771 3.884 13.7711 23.7711 3.884 2.441
1.952 3.810 3.904 13.8101 23.8101 3.904 2.479
1.962 3.849 3.924 13.8493 23.8493 3.924 2.517
1.972 3.889 3.944 13.8887 23.8887 3.944 2.556
1.982 3.928 3.964 13.9283 23.9283 3.964 2.595
1.992 3.968 3.984 13.9680 23.9680 3.984 2.635
2.002 4.008 4.012 14.0080 24.0080 4.004 2.675
2.012 4.048 4.072 14.0482 24.0482 4.024 2.715
2.022 4.089 4.132 14.0886 24.0886 4.044 2.756
2.032 4.129 4.192 14.1292 24.1292 4.064 2.797
2.042 4.170 4.252 14.1699 24.1699 4.084 2.838
2.052 4.211 4.312 14.2109 24.2109 4.104 2.880
2.062 4.252 4.372 14.2521 24.2521 4.124 2.923
2.072 4.293 4.432 14.2935 24.2935 4.144 2.965
2.082 4.335 4.492 14.3351 24.3351 4.164 3.009
2.092 4.377 4.553 14.3768 24.3768 4.184 3.052
2.102 4.419 4.613 14.4188 24.4188 4.204 3.096
2.112 4.461 4.673 14.4610 24.4610 4.224 3.141
2.122 4.503 4.733 14.5034 24.5034 4.244 3.186
2.132 4.546 4.793 14.5460 24.5460 4.264 3.231
2.142 4.589 4.853 14.5888 24.5888 4.284 3.277
2.152 4.632 4.913 14.6318 24.6318 4.304 3.323
2.162 4.675 4.973 14.6749 24.6749 4.324 3.369
2.172 4.718 5.033 14.7183 24.7183 4.344 3.416
2.182 4.762 5.093 14.7619 24.7619 4.364 3.464
2.192 4.806 5.153 14.8057 24.8057 4.384 3.512
2.202 4.850 5.213 14.8497 24.8497 4.404 3.560
2.212 4.894 5.273 14.8939 24.8939 4.424 3.609
2.222 4.938 5.333 14.9383 24.9383 4.444 3.658
2.232 4.983 5.393 14.9829 24.9829 4.464 3.708
2.242 5.028 5.453 15.0277 25.0277 4.484 3.758
2.252 5.073 5.514 15.0726 25.0726 4.505 3.808
2.262 5.118 5.574 15.1178 25.1178 4.525 3.859
2.272 5.163 5.634 15.1632 25.1632 4.545 3.911
2.282 5.209 5.694 15.2088 25.2088 4.565 3.963
2.292 5.255 5.754 15.2546 25.2546 4.585 4.015
2.302 5.301 5.814 15.3006 25.3006 4.605 4.068
2.312 5.347 5.874 15.3468 25.3468 4.625 4.121
2.322 5.393 5.934 15.3932 25.3932 4.645 4.175
2.332 5.440 5.994 15.4398 25.4398 4.665 4.229
2.342 5.487 6.054 15.4866 25.4866 4.685 4.284
2.352 5.534 6.114 15.5336 25.5336 4.705 4.339
2.362 5.581 6.174 15.5808 25.5808 4.725 4.395
2.372 5.628 6.234 15.6282 25.6282 4.745 4.451
2.382 5.676 6.294 15.6757 25.6757 4.765 4.507
2.392 5.724 6.354 15.7235 25.7235 4.785 4.564
2.402 5.772 6.414 15.7715 25.7715 4.805 4.622
2.412 5.820 6.474 15.8197 25.8197 4.825 4.680
2.422 5.868 6.535 15.8681 25.8681 4.845 4.738
2.432 5.917 6.595 15.9167 25.9167 4.865 4.797
2.442 5.966 6.655 15.9655 25.9655 4.885 4.857
2.452 6.015 6.715 16.0145 26.0145 4.905 4.917
2.462 6.064 6.775 16.0637 26.0637 4.925 4.977
2.472 6.113 6.835 16.1131 26.1131 4.945 5.038
2.482 6.163 6.895 16.1627 26.1627 4.965 5.100
2.492 6.213 6.955 16.2125 26.2125 4.985 5.162
2.503 6.263 7.015 16.2625 26.2625 5.005 5.224
2.513 6.313 7.075 16.3127 26.3127 5.025 5.287
2.523 6.363 7.135 16.3631 26.3631 5.045 5.350
2.533 6.414 7.195 16.4137 26.4137 5.065 5.414
2.543 6.465 7.255 16.4645 26.4645 5.085 5.479
2.553 6.516 7.315 16.5155 26.5155 5.105 5.544
2.563 6.567 7.375 16.5667 26.5667 5.125 5.609
2.573 6.618 7.435 16.6181 26.6181 5.145 5.675
2.583 6.670 7.495 16.6697 26.6697 5.165 5.742
2.593 6.722 7.556 16.7215 26.7215 5.185 5.809
2.603 6.774 7.616 16.7735 26.7735 5.205 5.876
2.613 6.826 7.676 16.8257 26.8257 5.225 5.944
2.623 6.878 7.736 16.8781 26.8781 5.245 6.013
2.633 6.931 7.796 16.9308 26.9308 5.265 6.082
2.643 6.984 7.856 16.9836 26.9836 5.285 6.152
2.653 7.037 7.916 17.0366 27.0366 5.305 6.222
2.663 7.090 7.976 17.0898 27.0898 5.325 6.293
2.673 7.143 8.036 17.1432 27.1432 5.345 6.364
2.683 7.197 8.096 17.1968 27.1968 5.365 6.436
2.693 7.251 8.156 17.2506 27.2506 5.385 6.508
2.703 7.305 8.216 17.3046 27.3046 5.405 6.581
2.713 7.359 8.276 17.3588 27.3588 5.425 6.654
2.723 7.413 8.336 17.4132 27.4132 5.445 6.728
2.733 7.468 8.396 17.4678 27.4678 5.465 6.803
2.743 7.523 8.456 17.5226 27.5226 5.485 6.878
2.753 7.578 8.517 17.5776 27.5776 5.506 6.953
2.763 7.633 8.577 17.6329 27.6329 5.526 7.029
2.773 7.688 8.637 17.6883 27.6883 5.546 7.106
2.783 7.744 8.697 17.7439 27.7439 5.566 7.183
2.793 7.800 8.757 17.7997 27.7997 5.586 7.261
2.803 7.856 8.817 17.8557 27.8557 5.606 7.339
2.813 7.912 8.877 17.9119 27.9119 5.626 7.418
2.823 7.968 8.937 17.9683 27.9683 5.646 7.498
2.833 8.025 8.997 18.0249 28.0249 5.666 7.578
2.843 8.082 9.057 18.0818 28.0818 5.686 7.658
2.853 8.139 9.117 18.1388 28.1388 5.706 7.740
2.863 8.196 9.177 18.1960 28.1960 5.726 7.821
2.873 8.253 9.237 18.2534 28.2534 5.746 7.904
2.883 8.311 9.297 18.3110 28.3110 5.766 7.987
2.893 8.369 9.357 18.3688 28.3688 5.786 8.070
2.903 8.427 9.417 18.4268 28.4268 5.806 8.154
2.913 8.485 9.477 18.4851 28.4851 5.826 8.239
2.923 8.543 9.538 18.5435 28.5435 5.846 8.324
2.933 8.602 9.598 18.6021 28.6021 5.866 8.410
2.943 8.661 9.658 18.6609 28.6609 5.886 8.496
2.953 8.720 9.718 18.7199 28.7199 5.906 8.583
2.963 8.779 9.778 18.7791 28.7791 5.926 8.671
2.973 8.839 9.838 18.8386 28.8386 5.946 8.759
2.983 8.898 9.898 18.8982 28.8982 5.966 8.848
2.993 8.958 9.958 18.9580 28.9580 5.986 8.937
3.003 9.018 10.018 19.0180 29.0180 6.006 9.027
3.013 9.078 10.078 19.0782 29.0782 6.026 9.118
3.023 9.139 10.138 19.1387 29.1387 6.046 9.209
3.033 9.199 10.198 19.1993 29.1993 6.066 9.301
3.043 9.260 10.258 19.2601 29.2601 6.086 9.393
3.053 9.321 10.318 19.3211 29.3211 6.106 9.486
3.063 9.382 10.378 19.3824 29.3824 6.126 9.580
3.073 9.444 10.438 19.4438 29.4438 6.146 9.674
3.083 9.505 10.498 19.5054 29.5054 6.166 9.769
3.093 9.567 10.559 19.5672 29.5672 6.186 9.864
3.103 9.629 10.619 19.6292 29.6292 6.206 9.960
3.113 9.691 10.679 19.6915 29.6915 6.226 10.057
3.123 9.754 10.739 19.7539 29.7539 6.246 10.154
3.133 9.817 10.799 19.8165 29.8165 6.266 10.252
3.143 9.879 10.859 19.8793 29.8793 6.286 10.351
3.153 9.942 10.919 19.9424 29.9424 6.306 10.450
3.163 10.006 10.979 20.0056 30.0056 6.326 10.550
3.173 10.069 11.039 20.0690 30.0690 6.346 10.650
3.183 10.133 11.099 20.1327 30.1327 6.366 10.751
3.193 10.196 11.159 20.1965 30.1965 6.386 10.853
3.203 10.261 11.219 20.2605 30.2605 6.406 10.956
3.213 10.325 11.279 20.3247 30.3247 6.426 11.059
3.223 10.389 11.339 20.3892 30.3892 6.446 11.162
3.233 10.454 11.399 20.4538 30.4538 6.466 11.267
3.243 10.519 11.459 20.5186 30.5186 6.486 11.371
3.253 10.584 11.520 20.5837 30.5837 6.507 11.477
3.263 10.649 11.580 20.6489 30.6489 6.527 11.583
3.273 10.714 11.640 20.7143 30.7143 6.547 11.690
3.283 10.780 11.700 20.7799 30.7799 6.567 11.798
3.293 10.846 11.760 20.8458 30.8458 6.587 11.906
3.303 10.912 11.820 20.9118 30.9118 6.607 12.015
3.313 10.978 11.880 20.9780 30.9780 6.627 12.125
3.323 11.044 11.940 21.0445 31.0445 6.647 12.235
3.333 11.111 12.000 21.1111 31.1111 6.667 12.346
3.343 11.178 12.060 21.1779 31.1779 6.687 12.457
3.353 11.245 12.120 21.2450 31.2450 6.707 12.569
3.363 11.312 12.180 21.3122 31.3122 6.727 12.682
3.373 11.380 12.240 21.3796 31.3796 6.747 12.796
3.383 11.447 12.300 21.4473 31.4473 6.767 12.910
3.393 11.515 12.360 21.5151 31.5151 6.787 13.025
3.403 11.583 12.420 21.5832 31.5832 6.807 13.141
3.413 11.651 12.480 21.6514 31.6514 6.827 13.257
3.423 11.720 12.541 21.7198 31.7198 6.847 13.374
3.433 11.788 12.601 21.7885 31.7885 6.867 13.492
3.443 11.857 12.661 21.8573 31.8573 6.887 13.610
3.453 11.926 12.721 21.9263 31.9263 6.907 13.729
3.463 11.996 12.781 21.9956 31.9956 6.927 13.849
3.473 12.065 12.841 22.0650 32.0650 6.947 13.969
3.483 12.135 12.901 22.1347 32.1347 6.967 14.090
3.493 12.204 12.961 22.2045 32.2045 6.987 14.212
3.504 12.275 13.021 22.2745 32.2745 7.007 14.335
3.514 12.345 13.081 22.3448 32.3448 7.027 14.458
3.524 12.415 13.141 22.4152 32.4152 7.047 14.582
3.534 12.486 13.201 22.4859 32.4859 7.067 14.706
3.544 12.557 13.261 22.5567 32.5567 7.087 14.832
3.554 12.628 13.321 22.6277 32.6277 7.107 14.958
3.564 12.699 13.381 22.6990 32.6990 7.127 15.085
3.574 12.770 13.441 22.7704 32.7704 7.147 15.212
3.584 12.842 13.502 22.8421 32.8421 7.167 15.340
3.594 12.914 13.562 22.9139 32.9139 7.187 15.469
3.604 12.986 13.622 22.9860 32.9860 7.207 15.599
3.614 13.058 13.682 23.0582 33.0582 7.227 15.729
3.624 13.131 13.742 23.1306 33.1306 7.247 15.860
3.634 13.203 13.802 23.2033 33.2033 7.267 15.992
3.644 13.276 13.862 23.2761 33.2761 7.287 16.125
3.654 13.349 13.922 23.3492 33.3492 7.307 16.258
3.664 13.422 13.982 23.4224 33.4224 7.327 16.392
3.674 13.496 14.042 23.4959 33.4959 7.347 16.526
3.684 13.570 14.102 23.5695 33.5695 7.367 16.662
3.694 13.643 14.162 23.6434 33.6434 7.387 16.798
3.704 13.717 14.222 23.7174 33.7174 7.407 16.935
3.714 13.792 14.282 23.7917 33.7917 7.427 17.073
3.724 13.866 14.342 23.8661 33.8661 7.447 17.211
3.734 13.941 14.402 23.9408 33.9408 7.467 17.350
3.744 14.016 14.462 24.0156 34.0156 7.487 17.490
3.754 14.091 14.523 24.0907 34.0907 7.508 17.631
3.764 14.166 14.583 24.1659 34.1659 7.528 17.772
3.774 14.241 14.643 24.2414 34.2414 7.548 17.915
3.784 14.317 14.703 24.3170 34.3170 7.568 18.058
3.794 14.393 14.763 24.3929 34.3929 7.588 18.201
3.804 14.469 14.823 24.4689 34.4689 7.608 18.346
3.814 14.545 14.883 24.5452 34.5452 7.628 18.491
3.824 14.622 14.943 24.6216 34.6216 7.648 18.637
3.834 14.698 15.003 24.6983 34.6983 7.668 18.784
3.844 14.775 15.063 24.7751 34.7751 7.688 18.931
3.854 14.852 15.123 24.8522 34.8522 7.708 19.079
3.864 14.929 15.183 24.9294 34.9294 7.728 19.228
3.874 15.007 15.243 25.0069 35.0069 7.748 19.378
3.884 15.085 15.303 25.0846 35.0846 7.768 19.529
3.894 15.162 15.363 25.1624 35.1624 7.788 19.680
3.904 15.240 15.423 25.2405 35.2405 7.808 19.832
3.914 15.319 15.483 25.3187 35.3187 7.828 19.985
3.924 15.397 15.544 25.3972 35.3972 7.848 20.139
3.934 15.476 15.604 25.4758 35.4758 7.868 20.294
3.944 15.555 15.664 25.5547 35.5547 7.888 20.449
3.954 15.634 15.724 25.6338 35.6338 7.908 20.605
3.964 15.713 15.784 25.7130 35.7130 7.928 20.762
3.974 15.792 15.844 25.7925 35.7925 7.948 20.920
3.984 15.872 15.904 25.8721 35.8721 7.968 21.078
3.994 15.952 15.964 25.9520 35.9520 7.988 21.237
4.004 16.032 16.040 26.0320 36.0320 8.008 21.397
4.014 16.112 16.140 26.1123 36.1123 8.028 21.558
4.024 16.193 16.240 26.1928 36.1928 8.048 21.720
4.034 16.273 16.340 26.2734 36.2734 8.068 21.883
4.044 16.354 16.440 26.3543 36.3543 8.088 22.046
4.054 16.435 16.541 26.4354 36.4354 8.108 22.210
4.064 16.517 16.641 26.5166 36.5166 8.128 22.375
4.074 16.598 16.741 26.5981 36.5981 8.148 22.541
4.084 16.680 16.841 26.6797 36.6797 8.168 22.707
4.094 16.762 16.941 26.7616 36.7616 8.188 22.875
4.104 16.844 17.041 26.8437 36.8437 8.208 23.043
4.114 16.926 17.141 26.9259 36.9259 8.228 23.212
4.124 17.008 17.241 27.0084 37.0084 8.248 23.382
4.134 17.091 17.341 27.0911 37.0911 8.268 23.552
4.144 17.174 17.441 27.1739 37.1739 8.288 23.724
4.154 17.257 17.542 27.2570 37.2570 8.308 23.896
4.164 17.340 17.642 27.3403 37.3403 8.328 24.069
4.174 17.424 17.742 27.4237 37.4237 8.348 24.243
4.184 17.507 17.842 27.5074 37.5074 8.368 24.418
4.194 17.591 17.942 27.5913 37.5913 8.388 24.594
4.204 17.675 18.042 27.6753 37.6753 8.408 24.770
4.214 17.760 18.142 27.7596 37.7596 8.428 24.948
4.224 17.844 18.242 27.8441 37.8441 8.448 25.126
4.234 17.929 18.342 27.9287 37.9287 8.468 25.305
4.244 18.014 18.442 28.0136 38.0136 8.488 25.485
4.254 18.099 18.543 28.0987 38.0987 8.509 25.665
4.264 18.184 18.643 28.1839 38.1839 8.529 25.847
4.274 18.269 18.743 28.2694 38.2694 8.549 26.030
4.284 18.355 18.843 28.3551 38.3551 8.569 26.213
4.294 18.441 18.943 28.4410 38.4410 8.589 26.397
4.304 18.527 19.043 28.5270 38.5270 8.609 26.582
4.314 18.613 19.143 28.6133 38.6133 8.629 26.768
4.324 18.700 19.243 28.6998 38.6998 8.649 26.955
4.334 18.786 19.343 28.7865 38.7865 8.669 27.142
4.344 18.873 19.443 28.8733 38.8733 8.689 27.331
4.354 18.960 19.544 28.9604 38.9604 8.709 27.520
4.364 19.048 19.644 29.0477 39.0477 8.729 27.710
4.374 19.135 19.744 29.1352 39.1352 8.749 27.901
4.384 19.223 19.844 29.2228 39.2228 8.769 28.093
4.394 19.311 19.944 29.3107 39.3107 8.789 28.286
4.404 19.399 20.044 29.3988 39.3988 8.809 28.480
4.414 19.487 20.144 29.4871 39.4871 8.829 28.675
4.424 19.576 20.244 29.5755 39.5755 8.849 28.870
4.434 19.664 20.344 29.6642 39.6642 8.869 29.067
4.444 19.753 20.444 29.7531 39.7531 8.889 29.264
4.454 19.842 20.545 29.8422 39.8422 8.909 29.462
4.464 19.931 20.645 29.9314 39.9314 8.929 29.661
4.474 20.021 20.745 30.0209 40.0209 8.949 29.861
4.484 20.111 20.845 30.1106 40.1106 8.969 30.062
4.494 20.200 20.945 30.2005 40.2005 8.989 30.264
4.505 20.291 21.045 30.2906 40.2906 9.009 30.466
4.515 20.381 21.145 30.3808 40.3808 9.029 30.670
4.525 20.471 21.245 30.4713 40.4713 9.049 30.874
4.535 20.562 21.345 30.5620 40.5620 9.069 31.080
4.545 20.653 21.445 30.6529 40.6529 9.089 31.286
4.555 20.744 21.546 30.7440 40.7440 9.109 31.493
4.565 20.835 21.646 30.8352 40.8352 9.129 31.701
4.575 20.927 21.746 30.9267 40.9267 9.149 31.910
4.585 21.018 21.846 31.0184 41.0184 9.169 32.120
4.595 21.110 21.946 31.1103 41.1103 9.189 32.331
4.605 21.202 22.046 31.2024 41.2024 9.209 32.543
4.615 21.295 22.146 31.2947 41.2947 9.229 32.756
4.625 21.387 22.246 31.3872 41.3872 9.249 32.969
4.635 21.480 22.346 31.4798 41.4798 9.269 33.184
4.645 21.573 22.446 31.5727 41.5727 9.289 33.399
4.655 21.666 22.547 31.6658 41.6658 9.309 33.616
4.665 21.759 22.647 31.7591 41.7591 9.329 33.833
4.675 21.853 22.747 31.8526 41.8526 9.349 34.051
4.685 21.946 22.847 31.9463 41.9463 9.369 34.270
4.695 22.040 22.947 32.0402 42.0402 9.389 34.491
4.705 22.134 23.047 32.1342 42.1342 9.409 34.712
4.715 22.229 23.147 32.2285 42.2285 9.429 34.934
4.725 22.323 23.247 32.3230 42.3230 9.449 35.157
4.735 22.418 23.347 32.4177 42.4177 9.469 35.381
4.745 22.513 23.447 32.5126 42.5126 9.489 35.606
4.755 22.608 23.548 32.6077 42.6077 9.510 35.831
4.765 22.703 23.648 32.7030 42.7030 9.530 36.058
4.775 22.798 23.748 32.7985 42.7985 9.550 36.286
4.785 22.894 23.848 32.8942 42.8942 9.570 36.515
4.795 22.990 23.948 32.9901 42.9901 9.590 36.744
4.805 23.086 24.048 33.0861 43.0861 9.610 36.975
4.815 23.182 24.148 33.1824 43.1824 9.630 37.206
4.825 23.279 24.248 33.2789 43.2789 9.650 37.439
4.835 23.376 24.348 33.3756 43.3756 9.670 37.672
4.845 23.473 24.448 33.4725 43.4725 9.690 37.907
4.855 23.570 24.549 33.5696 43.5696 9.710 38.142
4.865 23.667 24.649 33.6669 43.6669 9.730 38.379
4.875 23.764 24.749 33.7644 43.7644 9.750 38.616
4.885 23.862 24.849 33.8621 43.8621 9.770 38.855
4.895 23.960 24.949 33.9600 43.9600 9.790 39.094
4.905 24.058 25.049 34.0581 44.0581 9.810 39.334
4.915 24.156 25.149 34.1564 44.1564 9.830 39.576
4.925 24.255 25.249 34.2549 44.2549 9.850 39.818
4.935 24.354 25.349 34.3536 44.3536 9.870 40.061
4.945 24.452 25.449 34.4525 44.4525 9.890 40.305
4.955 24.552 25.550 34.5516 44.5516 9.910 40.551
4.965 24.651 25.650 34.6509 44.6509 9.930 40.797
4.975 24.750 25.750 34.7504 44.7504 9.950 41.044
4.985 24.850 25.850 34.8501 44.8501 9.970 41.292
4.995 24.950 25.950 34.9500 44.9500 9.990 41.542
5.005 25.050 26.050 35.0501 45.0501 10.010 41.792
5.015 25.150 26.150 35.1504 45.1504 10.030 42.043
5.025 25.251 26.250 35.2509 45.2509 10.050 42.295
5.035 25.352 26.350 35.3516 45.3516 10.070 42.549
5.045 25.452 26.450 35.4525 45.4525 10.090 42.803
5.055 25.554 26.551 35.5536 45.5536 10.110 43.058
5.065 25.655 26.651 35.6549 45.6549 10.130 43.315
5.075 25.756 26.751 35.7564 45.7564 10.150 43.572
5.085 25.858 26.851 35.8581 45.8581 10.170 43.830
5.095 25.960 26.951 35.9600 45.9600 10.190 44.090
5.105 26.062 27.051 36.0621 46.0621 10.210 44.350
5.115 26.164 27.151 36.1644 46.1644 10.230 44.611
5.125 26.267 27.251 36.2669 46.2669 10.250 44.874
5.135 26.370 27.351 36.3696 46.3696 10.270 45.137
5.145 26.473 27.451 36.4725 46.4725 10.290 45.402
5.155 26.576 27.552 36.5756 46.5756 10.310 45.667
5.165 26.679 27.652 36.6789 46.6789 10.330 45.934
5.175 26.782 27.752 36.7824 46.7824 10.350 46.201
5.185 26.886 27.852 36.8861 46.8861 10.370 46.470
5.195 26.990 27.952 36.9901 46.9901 10.390 46.740
5.205 27.094 28.052 37.0942 47.0942 10.410 47.010
5.215 27.198 28.152 37.1985 47.1985 10.430 47.282
5.225 27.303 28.252 37.3030 47.3030 10.450 47.555
5.235 27.408 28.352 37.4077 47.4077 10.470 47.829
5.245 27.513 28.452 37.5126 47.5126 10.490 48.103
5.255 27.618 28.553 37.6177 47.6177 10.511 48.379
5.265 27.723 28.653 37.7230 47.7230 10.531 48.656
5.275 27.829 28.753 37.8285 47.8285 10.551 48.934
5.285 27.934 28.853 37.9342 47.9342 10.571 49.213
5.295 28.040 28.953 38.0402 48.0402 10.591 49.494
5.305 28.146 29.053 38.1463 48.1463 10.611 49.775
5.315 28.253 29.153 38.2526 48.2526 10.631 50.057
5.325 28.359 29.253 38.3591 48.3591 10.651 50.340
5.335 28.466 29.353 38.4658 48.4658 10.671 50.625
5.345 28.573 29.453 38.5727 48.5727 10.691 50.910
5.355 28.680 29.554 38.6798 48.6798 10.711 51.197
5.365 28.787 29.654 38.7871 48.7871 10.731 51.485
5.375 28.895 29.754 38.8947 48.8947 10.751 51.773
5.385 29.002 29.854 39.0024 49.0024 10.771 52.063
5.395 29.110 29.954 39.1103 49.1103 10.791 52.354
5.405 29.218 30.054 39.2184 49.2184 10.811 52.646
5.415 29.327 30.154 39.3267 49.3267 10.831 52.939
5.425 29.435 30.254 39.4352 49.4352 10.851 53.233
5.435 29.544 30.354 39.5440 49.5440 10.871 53.528
5.445 29.653 30.454 39.6529 49.6529 10.891 53.824
5.455 29.762 30.555 39.7620 49.7620 10.911 54.122
5.465 29.871 30.655 39.8713 49.8713 10.931 54.420
5.475 29.981 30.755 39.9808 49.9808 10.951 54.720
5.485 30.091 30.855 40.0906 50.0906 10.971 55.020
5.495 30.200 30.955 40.2005 50.2005 10.991 55.322
5.506 30.311 31.055 40.3106 50.3106 11.011 55.625
5.516 30.421 31.155 40.4209 50.4209 11.031 55.929
5.526 30.531 31.255 40.5314 50.5314 11.051 56.234
5.536 30.642 31.355 40.6422 50.6422 11.071 56.540
5.546 30.753 31.455 40.7531 50.7531 11.091 56.848
5.556 30.864 31.556 40.8642 50.8642 11.111 57.156
5.566 30.976 31.656 40.9755 50.9755 11.131 57.465
5.576 31.087 31.756 41.0870 51.0870 11.151 57.776
5.586 31.199 31.856 41.1988 51.1988 11.171 58.088
5.596 31.311 31.956 41.3107 51.3107 11.191 58.401
5.606 31.423 32.056 41.4228 51.4228 11.211 58.715
5.616 31.535 32.156 41.5351 51.5351 11.231 59.030
5.626 31.648 32.256 41.6477 51.6477 11.251 59.346
5.636 31.760 32.356 41.7604 51.7604 11.271 59.663
5.646 31.873 32.456 41.8733 51.8733 11.291 59.982
5.656 31.986 32.557 41.9864 51.9864 11.311 60.301
5.666 32.100 32.657 42.0998 52.0998 11.331 60.622
5.676 32.213 32.757 42.2133 52.2133 11.351 60.944
5.686 32.327 32.857 42.3270 52.3270 11.371 61.267
5.696 32.441 32.957 42.4409 52.4409 11.391 61.591
5.706 32.555 33.057 42.5551 52.5551 11.411 61.917
5.716 32.669 33.157 42.6694 52.6694 11.431 62.243
5.726 32.784 33.257 42.7839 52.7839 11.451 62.571
5.736 32.899 33.357 42.8987 52.8987 11.471 62.899
5.746 33.014 33.457 43.0136 53.0136 11.491 63.229
5.756 33.129 33.558 43.1287 53.1287 11.512 63.560
5.766 33.244 33.658 43.2441 53.2441 11.532 63.892
5.776 33.360 33.758 43.3596 53.3596 11.552 64.226
5.786 33.475 33.858 43.4753 53.4753 11.572 64.560
5.796 33.591 33.958 43.5912 53.5912 11.592 64.896
5.806 33.707 34.058 43.7074 53.7074 11.612 65.233
5.816 33.824 34.158 43.8237 53.8237 11.632 65.571
5.826 33.940 34.258 43.9402 53.9402 11.652 65.910
5.836 34.057 34.358 44.0570 54.0570 11.672 66.250
5.846 34.174 34.458 44.1739 54.1739 11.692 66.592
5.856 34.291 34.559 44.2910 54.2910 11.712 66.934
5.866 34.408 34.659 44.4084 54.4084 11.732 67.278
5.876 34.526 34.759 44.5259 54.5259 11.752 67.623
5.886 34.644 34.859 44.6437 54.6437 11.772 67.970
5.896 34.762 34.959 44.7616 54.7616 11.792 68.317
5.906 34.880 35.059 44.8797 54.8797 11.812 68.665
5.916 34.998 35.159 44.9981 54.9981 11.832 69.015
5.926 35.117 35.259 45.1166 55.1166 11.852 69.366
5.936 35.235 35.359 45.2353 55.2353 11.872 69.718
5.946 35.354 35.459 45.3543 55.3543 11.892 70.072
5.956 35.473 35.560 45.4734 55.4734 11.912 70.426
5.966 35.593 35.660 45.5927 55.5927 11.932 70.782
5.976 35.712 35.760 45.7123 55.7123 11.952 71.139
5.986 35.832 35.860 45.8320 55.8320 11.972 71.497
5.996 35.952 35.960 45.9520 55.9520 11.992 71.856
6.006 36.072 36.084 46.0721 56.0721 12.012 72.216
6.016 36.192 36.224 46.1924 56.1924 12.032 72.578
6.026 36.313 36.364 46.3130 56.3130 12.052 72.941
6.036 36.434 36.505 46.4337 56.4337 12.072 73.305
6.046 36.555 36.645 46.5547 56.5547 12.092 73.670
6.056 36.676 36.785 46.6758 56.6758 12.112 74.037
6.066 36.797 36.925 46.7972 56.7972 12.132 74.405
6.076 36.919 37.065 46.9187 56.9187 12.152 74.774
6.086 37.040 37.205 47.0404 57.0404 12.172 75.144
6.096 37.162 37.345 47.1624 57.1624 12.192 75.515
6.106 37.285 37.485 47.2845 57.2845 12.212 75.888
6.116 37.407 37.626 47.4069 57.4069 12.232 76.262
6.126 37.529 37.766 47.5294 57.5294 12.252 76.637
6.136 37.652 37.906 47.6522 57.6522 12.272 77.013
6.146 37.775 38.046 47.7751 57.7751 12.292 77.390
6.156 37.898 38.186 47.8983 57.8983 12.312 77.769
6.166 38.022 38.326 48.0216 58.0216 12.332 78.149
6.176 38.145 38.466 48.1452 58.1452 12.352 78.530
6.186 38.269 38.607 48.2689 58.2689 12.372 78.913
6.196 38.393 38.747 48.3928 58.3928 12.392 79.297
6.206 38.517 38.887 48.5170 58.5170 12.412 79.681
6.216 38.641 39.027 48.6413 58.6413 12.432 80.068
6.226 38.766 39.167 48.7659 58.7659 12.452 80.455
6.236 38.891 39.307 48.8906 58.8906 12.472 80.844
6.246 39.016 39.447 49.0156 59.0156 12.492 81.234
6.256 39.141 39.588 49.1407 59.1407 12.513 81.625
6.266 39.266 39.728 49.2661 59.2661 12.533 82.017
6.276 39.392 39.868 49.3916 59.3916 12.553 82.411
6.286 39.517 40.008 49.5174 59.5174 12.573 82.806
6.296 39.643 40.148 49.6433 59.6433 12.593 83.202
6.306 39.769 40.288 49.7695 59.7695 12.613 83.600
6.316 39.896 40.428 49.8959 59.8959 12.633 83.998
6.326 40.022 40.569 50.0224 60.0224 12.653 84.398
6.336 40.149 40.709 50.1492 60.1492 12.673 84.800
6.346 40.276 40.849 50.2761 60.2761 12.693 85.202
6.356 40.403 40.989 50.4033 60.4033 12.713 85.606
6.366 40.531 41.129 50.5306 60.5306 12.733 86.011
6.376 40.658 41.269 50.6582 60.6582 12.753 86.417
6.386 40.786 41.409 50.7859 60.7859 12.773 86.825
6.396 40.914 41.550 50.9139 60.9139 12.793 87.234
6.406 41.042 41.690 51.0420 61.0420 12.813 87.644
6.416 41.170 41.830 51.1704 61.1704 12.833 88.055
6.426 41.299 41.970 51.2990 61.2990 12.853 88.468
6.436 41.428 42.110 51.4277 61.4277 12.873 88.882
6.446 41.557 42.250 51.5567 61.5567 12.893 89.298
6.456 41.686 42.390 51.6858 61.6858 12.913 89.714
6.466 41.815 42.531 51.8152 61.8152 12.933 90.132
6.476 41.945 42.671 51.9447 61.9447 12.953 90.551
6.486 42.075 42.811 52.0745 62.0745 12.973 90.972
6.496 42.204 42.951 52.2045 62.2045 12.993 91.394
6.507 42.335 43.091 52.3346 62.3346 13.013 91.817
6.517 42.465 43.231 52.4650 62.4650 13.033 92.241
6.527 42.596 43.371 52.5955 62.5955 13.053 92.667
6.537 42.726 43.512 52.7263 62.7263 13.073 93.094
6.547 42.857 43.652 52.8573 62.8573 13.093 93.522
6.557 42.988 43.792 52.9884 62.9884 13.113 93.952
6.567 43.120 43.932 53.1198 63.1198 13.133 94.383
6.577 43.251 44.072 53.2514 63.2514 13.153 94.815
6.587 43.383 44.212 53.3831 63.3831 13.173 95.249
6.597 43.515 44.352 53.5151 63.5151 13.193 95.684
6.607 43.647 44.492 53.6473 63.6473 13.213 96.120
6.617 43.780 44.633 53.7796 63.7796 13.233 96.558
6.627 43.912 44.773 53.9122 63.9122 13.253 96.997
6.637 44.045 44.913 54.0449 64.0449 13.273 97.437
6.647 44.178 45.053 54.1779 64.1779 13.293 97.878
6.657 44.311 45.193 54.3111 64.3111 13.313 98.321
6.667 44.444 45.333 54.4444 64.4444 13.333 98.765
6.677 44.578 45.473 54.5780 64.5780 13.353 99.211
6.687 44.712 45.614 54.7118 64.7118 13.373 99.658
6.697 44.846 45.754 54.8457 64.8457 13.393 100.106
6.707 44.980 45.894 54.9799 64.9799 13.413 100.556
6.717 45.114 46.034 55.1143 65.1143 13.433 101.007
6.727 45.249 46.174 55.2489 65.2489 13.453 101.459
6.737 45.384 46.314 55.3836 65.3836 13.473 101.913
6.747 45.519 46.454 55.5186 65.5186 13.493 102.367
6.757 45.654 46.595 55.6538 65.6538 13.514 102.824
6.767 45.789 46.735 55.7891 65.7891 13.534 103.281
6.777 45.925 46.875 55.9247 65.9247 13.554 103.740
6.787 46.060 47.015 56.0605 66.0605 13.574 104.201
6.797 46.196 47.155 56.1964 66.1964 13.594 104.663
6.807 46.333 47.295 56.3326 66.3326 13.614 105.126
6.817 46.469 47.435 56.4690 66.4690 13.634 105.590
6.827 46.606 47.576 56.6056 66.6056 13.654 106.056
6.837 46.742 47.716 56.7423 66.7423 13.674 106.523
6.847 46.879 47.856 56.8793 66.8793 13.694 106.992
6.857 47.016 47.996 57.0165 67.0165 13.714 107.462
6.867 47.154 48.136 57.1539 67.1539 13.734 107.933
6.877 47.291 48.276 57.2914 67.2914 13.754 108.406
6.887 47.429 48.416 57.4292 67.4292 13.774 108.880
6.897 47.567 48.557 57.5672 67.5672 13.794 109.355
6.907 47.705 48.697 57.7054 67.7054 13.814 109.832
6.917 47.844 48.837 57.8437 67.8437 13.834 110.310
6.927 47.982 48.977 57.9823 67.9823 13.854 110.790
6.937 48.121 49.117 58.1211 68.1211 13.874 111.271
6.947 48.260 49.257 58.2601 68.2601 13.894 111.753
6.957 48.399 49.397 58.3993 68.3993 13.914 112.237
6.967 48.539 49.538 58.5386 68.5386 13.934 112.722
6.977 48.678 49.678 58.6782 68.6782 13.954 113.209
6.987 48.818 49.818 58.8180 68.8180 13.974 113.697
6.997 48.958 49.958 58.9580 68.9580 13.994 114.186
7.007 49.098 50.098 59.0981 69.0981 14.014 114.677
7.017 49.239 50.238 59.2385 69.2385 14.034 115.169
7.027 49.379 50.378 59.3791 69.3791 14.054 115.663
7.037 49.520 50.519 59.5199 69.5199 14.074 116.158
7.047 49.661 50.659 59.6609 69.6609 14.094 116.654
7.057 49.802 50.799 59.8021 69.8021 14.114 117.152
7.067 49.943 50.939 59.9434 69.9434 14.134 117.651
7.077 50.085 51.079 60.0850 70.0850 14.154 118.152
7.087 50.227 51.219 60.2268 70.2268 14.174 118.654
7.097 50.369 51.359 60.3688 70.3688 14.194 119.157
7.107 50.511 51.499 60.5110 70.5110 14.214 119.662
7.117 50.653 51.640 60.6534 70.6534 14.234 120.169
7.127 50.796 51.780 60.7959 70.7959 14.254 120.676
7.137 50.939 51.920 60.9387 70.9387 14.274 121.186
7.147 51.082 52.060 61.0817 71.0817 14.294 121.696
7.157 51.225 52.200 61.2249 71.2249 14.314 122.208
7.167 51.368 52.340 61.3683 71.3683 14.334 122.722
7.177 51.512 52.480 61.5119 71.5119 14.354 123.237
7.187 51.656 52.621 61.6557 71.6557 14.374 123.753
7.197 51.800 52.761 61.7996 71.7996 14.394 124.271
7.207 51.944 52.901 61.9438 71.9438 14.414 124.790
7.217 52.088 53.041 62.0882 72.0882 14.434 125.311
7.227 52.233 53.181 62.2328 72.2328 14.454 125.833
7.237 52.378 53.321 62.3776 72.3776 14.474 126.356
7.247 52.523 53.461 62.5226 72.5226 14.494 126.881
7.257 52.668 53.602 62.6678 72.6678 14.515 127.408
7.267 52.813 53.742 62.8132 72.8132 14.535 127.936
7.277 52.959 53.882 62.9588 72.9588 14.555 128.465
7.287 53.105 54.022 63.1046 73.1046 14.575 128.996
7.297 53.251 54.162 63.2505 73.2505 14.595 129.528
7.307 53.397 54.302 63.3967 73.3967 14.615 130.062
7.317 53.543 54.442 63.5431 73.5431 14.635 130.597
7.327 53.690 54.583 63.6897 73.6897 14.655 131.134
7.337 53.837 54.723 63.8365 73.8365 14.675 131.672
7.347 53.984 54.863 63.9835 73.9835 14.695 132.212
7.357 54.131 55.003 64.1307 74.1307 14.715 132.753
7.367 54.278 55.143 64.2781 74.2781 14.735 133.296
7.377 54.426 55.283 64.4257 74.4257 14.755 133.840
7.387 54.573 55.423 64.5735 74.5735 14.775 134.385
7.397 54.721 55.564 64.7215 74.7215 14.795 134.932
7.407 54.870 55.704 64.8697 74.8697 14.815 135.481
7.417 55.018 55.844 65.0181 75.0181 14.835 136.031
7.427 55.167 55.984 65.1667 75.1667 14.855 136.582
7.437 55.315 56.124 65.3155 75.3155 14.875 137.135
7.447 55.464 56.264 65.4645 75.4645 14.895 137.690
7.457 55.614 56.404 65.6137 75.6137 14.915 138.246
7.467 55.763 56.545 65.7631 75.7631 14.935 138.803
7.477 55.913 56.685 65.9127 75.9127 14.955 139.362
7.487 56.062 56.825 66.0625 76.0625 14.975 139.922
7.497 56.212 56.965 66.2125 76.2125 14.995 140.484
7.508 56.363 57.105 66.3627 76.3627 15.015 141.048
7.518 56.513 57.245 66.5131 76.5131 15.035 141.613
7.528 56.664 57.385 66.6637 76.6637 15.055 142.179
7.538 56.814 57.526 66.8145 76.8145 15.075 142.747
7.548 56.965 57.666 66.9655 76.9655 15.095 143.317
7.558 57.117 57.806 67.1167 77.1167 15.115 143.888
7.568 57.268 57.946 67.2681 77.2681 15.135 144.460
7.578 57.420 58.086 67.4197 77.4197 15.155 145.034
7.588 57.571 58.226 67.5715 77.5715 15.175 145.610
7.598 57.723 58.366 67.7235 77.7235 15.195 146.187
7.608 57.876 58.507 67.8757 77.8757 15.215 146.765
7.618 58.028 58.647 68.0281 78.0281 15.235 147.345
7.628 58.181 58.787 68.1807 78.1807 15.255 147.927
7.638 58.334 58.927 68.3335 78.3335 15.275 148.510
7.648 58.487 59.067 68.4865 78.4865 15.295 149.095
7.658 58.640 59.207 68.6397 78.6397 15.315 149.681
7.668 58.793 59.347 68.7931 78.7931 15.335 150.269
7.678 58.947 59.487 68.9467 78.9467 15.355 150.858
7.688 59.101 59.628 69.1005 79.1005 15.375 151.449
7.698 59.255 59.768 69.2545 79.2545 15.395 152.041
7.708 59.409 59.908 69.4088 79.4088 15.415 152.635
7.718 59.563 60.048 69.5632 79.5632 15.435 153.231
7.728 59.718 60.188 69.7178 79.7178 15.455 153.828
7.738 59.873 60.328 69.8726 79.8726 15.475 154.426
7.748 60.028 60.468 70.0276 80.0276 15.495 155.026
7.758 60.183 60.609 70.1828 80.1828 15.516 155.628
7.768 60.338 60.749 70.3382 80.3382 15.536 156.231
7.778 60.494 60.889 70.4938 80.4938 15.556 156.836
7.788 60.650 61.029 70.6496 80.6496 15.576 157.442
7.798 60.806 61.169 70.8057 80.8057 15.596 158.050
7.808 60.962 61.309 70.9619 80.9619 15.616 158.660
7.818 61.118 61.449 71.1183 81.1183 15.636 159.271
7.828 61.275 61.590 71.2749 81.2749 15.656 159.883
7.838 61.432 61.730 71.4317 81.4317 15.676 160.497
7.848 61.589 61.870 71.5887 81.5887 15.696 161.113
7.858 61.746 62.010 71.7459 81.7459 15.716 161.730
7.868 61.903 62.150 71.9033 81.9033 15.736 162.349
7.878 62.061 62.290 72.0610 82.0610 15.756 162.970
7.888 62.219 62.430 72.2188 82.2188 15.776 163.592
7.898 62.377 62.571 72.3768 82.3768 15.796 164.215
7.908 62.535 62.711 72.5350 82.5350 15.816 164.840
7.918 62.693 62.851 72.6934 82.6934 15.836 165.467
7.928 62.852 62.991 72.8520 82.8520 15.856 166.095
7.938 63.011 63.131 73.0109 83.0109 15.876 166.725
7.948 63.170 63.271 73.1699 83.1699 15.896 167.357
7.958 63.329 63.411 73.3291 83.3291 15.916 167.990
7.968 63.489 63.552 73.4885 83.4885 15.936 168.625
7.978 63.648 63.692 73.6481 83.6481 15.956 169.261
7.988 63.808 63.832 73.8080 83.8080 15.976 169.899
7.998 63.968 63.972 73.9680 83.9680 15.996 170.539
8.008 64.128 64.144 74.1282 84.1282 16.016 171.180
8.018 64.289 64.324 74.2886 84.2886 16.036 171.822
8.028 64.449 64.505 74.4492 84.4492 16.056 172.467
8.038 64.610 64.685 74.6101 84.6101 16.076 173.113
8.048 64.771 64.865 74.7711 84.7711 16.096 173.760
8.058 64.932 65.045 74.9323 84.9323 16.116 174.409
8.068 65.094 65.225 75.0937 85.0937 16.136 175.060
8.078 65.255 65.405 75.2553 85.2553 16.156 175.713
8.088 65.417 65.586 75.4172 85.4172 16.176 176.367
8.098 65.579 65.766 75.5792 85.5792 16.196 177.022
8.108 65.741 65.946 75.7414 85.7414 16.216 177.680
8.118 65.904 66.126 75.9038 85.9038 16.236 178.338
8.128 66.066 66.306 76.0665 86.0665 16.256 178.999
8.138 66.229 66.486 76.2293 86.2293 16.276 179.661
8.148 66.392 66.667 76.3923 86.3923 16.296 180.325
8.158 66.556 66.847 76.5555 86.5555 16.316 180.990
8.168 66.719 67.027 76.7190 86.7190 16.336 181.657
8.178 66.883 67.207 76.8826 86.8826 16.356 182.326
8.188 67.046 67.387 77.0464 87.0464 16.376 182.996
8.198 67.210 67.568 77.2105 87.2105 16.396 183.668
8.208 67.375 67.748 77.3747 87.3747 16.416 184.342
8.218 67.539 67.928 77.5391 87.5391 16.436 185.017
8.228 67.704 68.108 77.7037 87.7037 16.456 185.694
8.238 67.869 68.288 77.8686 87.8686 16.476 186.372
8.248 68.034 68.468 78.0336 88.0336 16.496 187.053
8.258 68.199 68.649 78.1988 88.1988 16.517 187.735
8.268 68.364 68.829 78.3643 88.3643 16.537 188.418
8.278 68.530 69.009 78.5299 88.5299 16.557 189.103
8.288 68.696 69.189 78.6957 88.6957 16.577 189.790
8.298 68.862 69.369 78.8618 88.8618 16.597 190.478
8.308 69.028 69.550 79.0280 89.0280 16.617 191.169
8.318 69.194 69.730 79.1944 89.1944 16.637 191.860
8.328 69.361 69.910 79.3611 89.3611 16.657 192.554
8.338 69.528 70.090 79.5279 89.5279 16.677 193.249
8.348 69.695 70.270 79.6949 89.6949 16.697 193.946
8.358 69.862 70.450 79.8622 89.8622 16.717 194.644
8.368 70.030 70.631 80.0296 90.0296 16.737 195.344
8.378 70.197 70.811 80.1972 90.1972 16.757 196.046
8.388 70.365 70.991 80.3651 90.3651 16.777 196.750
8.398 70.533 71.171 80.5331 90.5331 16.797 197.455
8.408 70.701 71.351 80.7013 90.7013 16.817 198.162
8.418 70.870 71.532 80.8698 90.8698 16.837 198.870
8.428 71.038 71.712 81.0384 91.0384 16.857 199.581
8.438 71.207 71.892 81.2072 91.2072 16.877 200.293
8.448 71.376 72.072 81.3763 91.3763 16.897 201.006
8.458 71.546 72.252 81.5455 91.5455 16.917 201.722
8.468 71.715 72.432 81.7150 91.7150 16.937 202.439
8.478 71.885 72.613 81.8846 91.8846 16.957 203.157
8.488 72.054 72.793 82.0544 92.0544 16.977 203.878
8.498 72.224 72.973 82.2245 92.2245 16.997 204.600
8.509 72.395 73.153 82.3947 92.3947 17.017 205.324
8.519 72.565 73.333 82.5652 92.5652 17.037 206.049
8.529 72.736 73.514 82.7358 92.7358 17.057 206.776
8.539 72.907 73.694 82.9066 92.9066 17.077 207.505
8.549 73.078 73.874 83.0777 93.0777 17.097 208.236
8.559 73.249 74.054 83.2489 93.2489 17.117 208.968
8.569 73.420 74.234 83.4204 93.4204 17.137 209.702
8.579 73.592 74.414 83.5920 93.5920 17.157 210.438
8.589 73.764 74.595 83.7639 93.7639 17.177 211.176
8.599 73.936 74.775 83.9359 93.9359 17.197 211.915
8.609 74.108 74.955 84.1081 94.1081 17.217 212.656
8.619 74.281 75.135 84.2806 94.2806 17.237 213.399
8.629 74.453 75.315 84.4532 94.4532 17.257 214.143
8.639 74.626 75.495 84.6261 94.6261 17.277 214.889
8.649 74.799 75.676 84.7991 94.7991 17.297 215.637
8.659 74.972 75.856 84.9724 94.9724 17.317 216.387
8.669 75.146 76.036 85.1458 95.1458 17.337 217.138
8.679 75.319 76.216 85.3195 95.3195 17.357 217.891
8.689 75.493 76.396 85.4933 95.4933 17.377 218.646
8.699 75.667 76.577 85.6674 95.6674 17.397 219.403
8.709 75.842 76.757 85.8416 95.8416 17.417 220.161
8.719 76.016 76.937 86.0161 96.0161 17.437 220.921
8.729 76.191 77.117 86.1907 96.1907 17.457 221.683
8.739 76.366 77.297 86.3656 96.3656 17.477 222.446
8.749 76.541 77.477 86.5406 96.5406 17.497 223.212
8.759 76.716 77.658 86.7159 96.7159 17.518 223.979
8.769 76.891 77.838 86.8913 96.8913 17.538 224.747
8.779 77.067 78.018 87.0670 97.0670 17.558 225.518
8.789 77.243 78.198 87.2428 97.2428 17.578 226.290
8.799 77.419 78.378 87.4189 97.4189 17.598 227.064
8.809 77.595 78.559 87.5951 97.5951 17.618 227.840
8.819 77.772 78.739 87.7716 97.7716 17.638 228.618
8.829 77.948 78.919 87.9482 97.9482 17.658 229.397
8.839 78.125 79.099 88.1251 98.1251 17.678 230.178
8.849 78.302 79.279 88.3021 98.3021 17.698 230.961
8.859 78.479 79.459 88.4794 98.4794 17.718 231.746
8.869 78.657 79.640 88.6568 98.6568 17.738 232.532
8.879 78.834 79.820 88.8345 98.8345 17.758 233.321
8.889 79.012 80.000 89.0123 99.0123 17.778 234.111
8.899 79.190 80.180 89.1904 99.1904 17.798 234.902
8.909 79.369 80.360 89.3687 99.3687 17.818 235.696
8.919 79.547 80.541 89.5471 99.5471 17.838 236.491
8.929 79.726 80.721 89.7258 99.7258 17.858 237.289
8.939 79.905 80.901 89.9046 99.9046 17.878 238.088
8.949 80.084 81.081 90.0837 100.0837 17.898 238.888
8.959 80.263 81.261 90.2629 100.2629 17.918 239.691
8.969 80.442 81.441 90.4424 100.4424 17.938 240.495
8.979 80.622 81.622 90.6221 100.6221 17.958 241.301
8.989 80.802 81.802 90.8019 100.8019 17.978 242.109
8.999 80.982 81.982 90.9820 100.9820 17.998 242.919
9.009 81.162 82.162 91.1622 101.1622 18.018 243.730
9.019 81.343 82.342 91.3427 101.3427 18.038 244.544
9.029 81.523 82.523 91.5234 101.5234 18.058 245.359
9.039 81.704 82.703 91.7042 101.7042 18.078 246.176
9.049 81.885 82.883 91.8853 101.8853 18.098 246.995
9.059 82.067 83.063 92.0666 102.0666 18.118 247.815
9.069 82.248 83.243 92.2480 102.2480 18.138 248.638
9.079 82.430 83.423 92.4297 102.4297 18.158 249.462
9.089 82.612 83.604 92.6115 102.6115 18.178 250.288
9.099 82.794 83.784 92.7936 102.7936 18.198 251.116
9.109 82.976 83.964 92.9759 102.9759 18.218 251.945
9.119 83.158 84.144 93.1583 103.1583 18.238 252.777
9.129 83.341 84.324 93.3410 103.3410 18.258 253.610
9.139 83.524 84.505 93.5239 103.5239 18.278 254.445
9.149 83.707 84.685 93.7069 103.7069 18.298 255.282
9.159 83.890 84.865 93.8902 103.8902 18.318 256.121
9.169 84.074 85.045 94.0737 104.0737 18.338 256.962
9.179 84.257 85.225 94.2573 104.2573 18.358 257.804
9.189 84.441 85.405 94.4412 104.4412 18.378 258.649
9.199 84.625 85.586 94.6253 104.6253 18.398 259.495
9.209 84.810 85.766 94.8095 104.8095 18.418 260.343
9.219 84.994 85.946 94.9940 104.9940 18.438 261.193
9.229 85.179 86.126 95.1787 105.1787 18.458 262.044
9.239 85.364 86.306 95.3635 105.3635 18.478 262.898
9.249 85.549 86.486 95.5486 105.5486 18.498 263.753
9.259 85.734 86.667 95.7339 105.7339 18.519 264.611
9.269 85.919 86.847 95.9194 105.9194 18.539 265.470
9.279 86.105 87.027 96.1050 106.1050 18.559 266.331
9.289 86.291 87.207 96.2909 106.2909 18.579 267.194
9.299 86.477 87.387 96.4770 106.4770 18.599 268.058
9.309 86.663 87.568 96.6632 106.6632 18.619 268.925
9.319 86.850 87.748 96.8497 106.8497 18.639 269.793
9.329 87.036 87.928 97.0364 107.0364 18.659 270.664
9.339 87.223 88.108 97.2233 107.2233 18.679 271.536
9.349 87.410 88.288 97.4103 107.4103 18.699 272.410
9.359 87.598 88.468 97.5976 107.5976 18.719 273.286
9.369 87.785 88.649 97.7851 107.7851 18.739 274.164
9.379 87.973 88.829 97.9728 107.9728 18.759 275.043
9.389 88.161 89.009 98.1606 108.1606 18.779 275.925
9.399 88.349 89.189 98.3487 108.3487 18.799 276.808
9.409 88.537 89.369 98.5370 108.5370 18.819 277.694
9.419 88.725 89.550 98.7255 108.7255 18.839 278.581
9.429 88.914 89.730 98.9141 108.9141 18.859 279.470
9.439 89.103 89.910 99.1030 109.1030 18.879 280.361
9.449 89.292 90.090 99.2921 109.2921 18.899 281.254
9.459 89.481 90.270 99.4814 109.4814 18.919 282.148
9.469 89.671 90.450 99.6709 109.6709 18.939 283.045
9.479 89.861 90.631 99.8605 109.8605 18.959 283.944
9.489 90.050 90.811 100.0504 110.0504 18.979 284.844
9.499 90.240 90.991 100.2405 110.2405 18.999 285.746
9.510 90.431 91.171 100.4308 110.4308 19.019 286.651
9.520 90.621 91.351 100.6213 110.6213 19.039 287.557
9.530 90.812 91.532 100.8119 110.8119 19.059 288.465
9.540 91.003 91.712 101.0028 111.0028 19.079 289.375
9.550 91.194 91.892 101.1939 111.1939 19.099 290.287
9.560 91.385 92.072 101.3852 111.3852 19.119 291.201
9.570 91.577 92.252 101.5767 111.5767 19.139 292.116
9.580 91.768 92.432 101.7683 111.7683 19.159 293.034
9.590 91.960 92.613 101.9602 111.9602 19.179 293.954
9.600 92.152 92.793 102.1523 112.1523 19.199 294.875
9.610 92.345 92.973 102.3446 112.3446 19.219 295.799
9.620 92.537 93.153 102.5371 112.5371 19.239 296.724
9.630 92.730 93.333 102.7298 112.7298 19.259 297.651
9.640 92.923 93.514 102.9227 112.9227 19.279 298.580
9.650 93.116 93.694 103.1157 113.1157 19.299 299.511
9.660 93.309 93.874 103.3090 113.3090 19.319 300.444
9.670 93.503 94.054 103.5025 113.5025 19.339 301.379
9.680 93.696 94.234 103.6962 113.6962 19.359 302.316
9.690 93.890 94.414 103.8901 113.8901 19.379 303.255
9.700 94.084 94.595 104.0842 114.0842 19.399 304.196
9.710 94.278 94.775 104.2785 114.2785 19.419 305.139
9.720 94.473 94.955 104.4730 114.4730 19.439 306.084
9.730 94.668 95.135 104.6676 114.6676 19.459 307.030
9.740 94.863 95.315 104.8625 114.8625 19.479 307.979
9.750 95.058 95.495 105.0576 115.0576 19.499 308.929
9.760 95.253 95.676 105.2529 115.2529 19.520 309.882
9.770 95.448 95.856 105.4484 115.4484 19.540 310.836
9.780 95.644 96.036 105.6441 115.6441 19.560 311.793
9.790 95.840 96.216 105.8400 115.8400 19.580 312.751
9.800 96.036 96.396 106.0361 116.0361 19.600 313.711
9.810 96.232 96.577 106.2324 116.2324 19.620 314.674
9.820 96.429 96.757 106.4289 116.4289 19.640 315.638
9.830 96.626 96.937 106.6256 116.6256 19.660 316.604
9.840 96.822 97.117 106.8224 116.8224 19.680 317.572
9.850 97.020 97.297 107.0195 117.0195 19.700 318.543
9.860 97.217 97.477 107.2168 117.2168 19.720 319.515
9.870 97.414 97.658 107.4143 117.4143 19.740 320.489
9.880 97.612 97.838 107.6120 117.6120 19.760 321.465
9.890 97.810 98.018 107.8099 117.8099 19.780 322.443
9.900 98.008 98.198 108.0080 118.0080 19.800 323.423
9.910 98.206 98.378 108.2063 118.2063 19.820 324.405
9.920 98.405 98.559 108.4048 118.4048 19.840 325.389
9.930 98.604 98.739 108.6035 118.6035 19.860 326.375
9.940 98.802 98.919 108.8024 118.8024 19.880 327.363
9.950 99.002 99.099 109.0015 119.0015 19.900 328.353
9.960 99.201 99.279 109.2008 119.2008 19.920 329.345
9.970 99.400 99.459 109.4003 119.4003 19.940 330.339
9.980 99.600 99.640 109.6000 119.6000 19.960 331.335
9.990 99.800 99.820 109.7999 119.7999 19.980 332.333
10.000 100.000 100.000 110.0000 120.0000 20.000 333.333
