0.3   1.0
1.7207354924039482   1.5403023058681398
2.754648713412841   1.3463563791363882
3.3705600040299335   2.088869738115323
3.9215987523460356   3.0423405196766153
4.820537862668431   5.991202811863474
6.160292250900537   5.872036310372596
7.628493299359395   7.300592543743637
8.794679123311692   8.391857230429551
9.506059242620879   9.77668598202163



0.3   1.0  
0.4   1.0380297605540862  
0.5   1.0760595211081725  
0.6   1.1140892816622587  
0.7   1.152119042216345  
0.7999999999999999   1.1901488027704312  
0.8999999999999999   1.2281785633245175  
0.9999999999999999   1.2662083238786037  
1.0999999999999999   1.30423808443269  
1.2   1.3422678449867762  
1.3   1.3802976055408624  
1.4000000000000001   1.4183273660949487  
1.5000000000000002   1.456357126649035  
1.6000000000000003   1.4943868872031214  
1.7000000000000004   1.5324166477572077  
1.8000000000000005   1.5254335257130207  
1.9000000000000006   1.506675091949837  
2.0000000000000004   1.4879166581866534  
2.1000000000000005   1.4691582244234698  
2.2000000000000006   1.4503997906602861  
2.3000000000000007   1.4316413568971025  
2.400000000000001   1.4128829231339188  
2.500000000000001   1.3941244893707352  
2.600000000000001   1.3753660556075513  
2.700000000000001   1.3566076218443677  
2.800000000000001   1.401029733320414  
2.9000000000000012   1.5215849772801404  
3.0000000000000013   1.6421402212398668  
3.1000000000000014   1.7626954651995932  
3.2000000000000015   1.8832507091593196  
3.3000000000000016   2.0038059531190457  
3.4000000000000017   2.1398102138123964  
3.5000000000000018   2.3128417446212493  
3.600000000000002   2.485873275430102  
3.700000000000002   2.658904806238955  
3.800000000000002   2.8319363370478077  
3.900000000000002   3.0049678678566605  
4.000000000000002   3.299526440516425  
4.100000000000001   3.627564486511472  
4.200000000000001   3.9556025325065196  
4.300000000000001   4.283640578501567  
4.4   4.611678624496614  
4.5   4.939716670491661  
4.6   5.267754716486708  
4.699999999999999   5.595792762481755  
4.799999999999999   5.923830808476803  
4.899999999999999   5.984134930623476  
4.999999999999998   5.975240277802213  
5.099999999999998   5.96634562498095  
5.1999999999999975   5.9574509721596876  
5.299999999999997   5.948556319338425  
5.399999999999997   5.939661666517162  
5.4999999999999964   5.9307670136959  
5.599999999999996   5.921872360874637  
5.699999999999996   5.912977708053374  
5.799999999999995   5.904083055232111  
5.899999999999995   5.895188402410849  
5.999999999999995   5.886293749589586  
6.099999999999994   5.877399096768324  
6.199999999999994   5.910671858650337  
6.299999999999994   6.007971627974883  
6.399999999999993   6.105271397299429  
6.499999999999993   6.202571166623976  
6.5999999999999925   6.299870935948522  
6.699999999999992   6.3971707052730675  
6.799999999999992   6.494470474597613  
6.8999999999999915   6.59177024392216  
6.999999999999991   6.689070013246706  
7.099999999999991   6.786369782571252  
7.19999999999999   6.883669551895798  
7.29999999999999   6.9809693212203445  
7.39999999999999   7.07826909054489  
7.499999999999989   7.175568859869436  
7.599999999999989   7.272868629193983  
7.699999999999989   7.3675053252813525  
7.799999999999988   7.461080865668864  
7.899999999999988   7.554656406056375  
7.999999999999988   7.648231946443886  
8.099999999999987   7.741807486831397  
8.199999999999987   7.835383027218908  
8.299999999999986   7.9289585676064185  
8.399999999999986   8.02253410799393  
8.499999999999986   8.11610964838144  
8.599999999999985   8.209685188768951  
8.699999999999985   8.303260729156463  
8.799999999999985   8.402215269432356  
8.899999999999984   8.596883171163551  
8.999999999999984   8.791551072894748  
9.099999999999984   8.986218974625944  
9.199999999999983   9.18088687635714  
9.299999999999983   9.375554778088336  
9.399999999999983   9.570222679819533  
9.499999999999982   9.76489058155073  
