0.0 0.0 0.00 10.0 0.000 2.0 20.000 0.000 1.158
0.1 0.2 0.01 10.2 0.010 2.0 20.116 0.006 1.164
0.2 0.4 0.04 10.4 0.040 2.0 20.233 0.023 1.183
0.3 0.6 0.09 10.6 0.090 2.0 20.353 0.053 1.215
0.4 0.8 0.16 10.8 0.160 2.0 20.477 0.094 1.259
0.5 1.0 0.25 11.0 0.250 2.0 20.605 0.148 1.316
0.6 1.2 0.36 11.2 0.360 2.0 20.740 0.215 1.385
0.7 1.4 0.49 11.4 0.490 2.0 20.883 0.296 1.467
0.8 1.6 0.64 11.6 0.640 2.0 21.034 0.392 1.562
0.9 1.8 0.81 11.8 0.810 2.0 21.196 0.503 1.669
1.0 2.0 1.00 12.0 1.000 2.0 21.368 0.632 1.789
1.1 2.2 1.21 12.2 1.210 2.0 21.554 0.778 1.922
1.2 2.4 1.44 12.4 1.440 2.0 21.753 0.943 2.067
1.3 2.6 1.69 12.6 1.690 2.0 21.968 1.129 2.225
1.4 2.8 1.96 12.8 1.960 2.0 22.199 1.337 2.396
1.5 3.0 2.25 13.0 2.250 2.0 22.447 1.569 2.579
1.6 3.2 2.56 13.2 2.560 2.0 22.715 1.827 2.775
1.7 3.4 2.89 13.4 2.890 2.0 23.003 2.113 2.983
1.8 3.6 3.24 13.6 3.240 2.0 23.312 2.428 3.204
1.9 3.8 3.61 13.8 3.610 2.0 23.644 2.776 3.438
2.0 4.0 4.00 14.0 4.000 2.0 24.000 3.158 3.684
2.1 4.6 4.43 14.2 4.411 2.4 24.381 3.577 3.935
2.2 5.2 4.92 14.5 4.845 2.8 24.787 4.035 4.183
2.3 5.8 5.47 14.8 5.308 3.2 25.218 4.535 4.428
2.4 6.4 6.08 15.1 5.803 3.6 25.672 5.079 4.669
2.5 7.0 6.75 15.5 6.333 4.0 26.151 5.670 4.908
2.6 7.6 7.48 15.9 6.904 4.4 26.654 6.310 5.143
2.7 8.2 8.27 16.4 7.519 4.8 27.180 7.002 5.375
2.8 8.8 9.12 16.9 8.181 5.2 27.729 7.747 5.604
2.9 9.4 10.03 17.4 8.896 5.6 28.301 8.548 5.830
3.0 10.0 11.00 18.0 9.667 6.0 28.895 9.408 6.053
3.1 10.6 12.03 18.6 10.497 6.4 29.511 10.328 6.272
3.2 11.2 13.12 19.3 11.392 6.8 30.149 11.311 6.488
3.3 11.8 14.27 20.0 12.355 7.2 30.809 12.359 6.702
3.4 12.4 15.48 20.7 13.389 7.6 31.489 13.473 6.912
3.5 13.0 16.75 21.5 14.500 8.0 32.191 14.657 7.118
3.6 13.6 18.08 22.3 15.691 8.4 32.913 15.912 7.322
3.7 14.2 19.47 23.2 16.965 8.8 33.655 17.240 7.523
3.8 14.8 20.92 24.1 18.328 9.2 34.417 18.644 7.720
3.9 15.4 22.43 25.0 19.783 9.6 35.199 20.124 7.914
4.0 16.0 24.00 26.0 21.333 10.0 36.000 21.684 8.105
4.1 17.0 25.65 27.0 22.983 10.0 36.820 23.325 8.295
4.2 18.0 27.40 28.0 24.733 10.0 37.659 25.049 8.484
4.3 19.0 29.25 29.0 26.583 10.0 38.517 26.857 8.674
4.4 20.0 31.20 30.0 28.533 10.0 39.394 28.753 8.863
4.5 21.0 33.25 31.0 30.583 10.0 40.289 30.737 9.053
4.6 22.0 35.40 32.0 32.733 10.0 41.204 32.811 9.242
4.7 23.0 37.65 33.0 34.983 10.0 42.138 34.978 9.432
4.8 24.0 40.00 34.0 37.333 10.0 43.091 37.240 9.621
4.9 25.0 42.45 35.0 39.783 10.0 44.062 39.597 9.811
5.0 26.0 45.00 36.0 42.333 10.0 45.053 42.053 10.000
5.1 27.0 47.65 37.0 44.983 10.0 46.062 44.608 10.189
5.2 28.0 50.40 38.0 47.733 10.0 47.091 47.266 10.379
5.3 29.0 53.25 39.0 50.583 10.0 48.138 50.027 10.568
5.4 30.0 56.20 40.0 53.533 10.0 49.204 52.894 10.758
5.5 31.0 59.25 41.0 56.583 10.0 50.289 55.868 10.947
5.6 32.0 62.40 42.0 59.733 10.0 51.394 58.952 11.137
5.7 33.0 65.65 43.0 62.983 10.0 52.517 62.148 11.326
5.8 34.0 69.00 44.0 66.333 10.0 53.659 65.456 11.516
5.9 35.0 72.45 45.0 69.783 10.0 54.820 68.880 11.705
6.0 36.0 76.00 46.0 73.333 10.0 56.000 72.421 11.895
6.1 37.4 79.67 47.0 76.984 10.4 57.199 76.081 12.086
6.2 38.8 83.48 48.1 80.739 10.8 58.417 79.861 12.280
6.3 40.2 87.43 49.2 84.601 11.2 59.655 83.765 12.477
6.4 41.6 91.52 50.3 88.576 11.6 60.913 87.793 12.678
6.5 43.0 95.75 51.5 92.667 12.0 62.191 91.948 12.882
6.6 44.4 100.12 52.7 96.877 12.4 63.489 96.232 13.088
6.7 45.8 104.63 54.0 101.212 12.8 64.809 100.647 13.298
6.8 47.2 109.28 55.3 105.675 13.2 66.149 105.194 13.512
6.9 48.6 114.07 56.6 110.269 13.6 67.511 109.877 13.728
7.0 50.0 119.00 58.0 115.000 14.0 68.895 114.697 13.947
7.1 51.4 124.07 59.4 119.871 14.4 70.301 119.657 14.170
7.2 52.8 129.28 60.9 124.885 14.8 71.729 124.758 14.396
7.3 54.2 134.63 62.4 130.048 15.2 73.180 130.003 14.625
7.4 55.6 140.12 63.9 135.363 15.6 74.654 135.395 14.857
7.5 57.0 145.75 65.5 140.833 16.0 76.151 140.935 15.092
7.6 58.4 151.52 67.1 146.464 16.4 77.672 146.626 15.331
7.7 59.8 157.43 68.8 152.259 16.8 79.218 152.470 15.572
7.8 61.2 163.48 70.5 158.221 17.2 80.787 158.470 15.817
7.9 62.6 169.67 72.2 164.356 17.6 82.381 164.629 16.065
8.0 64.0 176.00 74.0 170.667 18.0 84.000 170.947 16.316
8.1 65.8 182.49 75.8 177.157 18.0 85.644 177.429 16.562
8.2 67.6 189.16 77.6 183.827 18.0 87.312 184.077 16.796
8.3 69.4 196.01 79.4 190.677 18.0 89.003 190.893 17.017
8.4 71.2 203.04 81.2 197.707 18.0 90.715 197.878 17.225
8.5 73.0 210.25 83.0 204.917 18.0 92.447 205.036 17.421
8.6 74.8 217.64 84.8 212.307 18.0 94.199 212.368 17.604
8.7 76.6 225.21 86.6 219.877 18.0 95.968 219.877 17.775
8.8 78.4 232.96 88.4 227.627 18.0 97.753 227.562 17.933
8.9 80.2 240.89 90.2 235.557 18.0 99.554 235.428 18.078
9.0 82.0 249.00 92.0 243.667 18.0 101.368 243.474 18.211
9.1 83.8 257.29 93.8 251.957 18.0 103.196 251.702 18.331
9.2 85.6 265.76 95.6 260.427 18.0 105.034 260.113 18.438
9.3 87.4 274.41 97.4 269.077 18.0 106.883 268.709 18.533
9.4 89.2 283.24 99.2 277.907 18.0 108.740 277.490 18.615
9.5 91.0 292.25 101.0 286.917 18.0 110.605 286.457 18.684
9.6 92.8 301.44 102.8 296.107 18.0 112.477 295.611 18.741
9.7 94.6 310.81 104.6 305.477 18.0 114.353 304.953 18.785
9.8 96.4 320.36 106.4 315.027 18.0 116.233 314.482 18.817
9.9 98.2 330.09 108.2 324.757 18.0 118.116 324.199 18.836
