1  0.840188
2  1.40515
3  1.30234
4  2.39459
5  2.19147
6  3.37089
7  3.66572
8  4.47067
9  4.45404
10  5.66919
11  5.39826
12  6.50041
13  6.13454
14  7.88832
15  7.89912
16  8.1218
17  8.45006
18  9.11005
19  9.4936
20  10.0515
21  11.0618
22  10.6145
23  11.6826
24  12.501
25  11.8182
26  13.5008
27  13.655
28  14.1263
29  14.3693
30  15.0802
31  16.2579
32  16.2116
33  15.6264
34  16.8973
35  17.7339
36  18.4541
37  17.8033
38  18.786
39  19.3204
40  20.3886
41  19.9436
42  20.8525
43  22.6513
44  21.9586
45  22.0596
46  22.7223
47  23.5341
48  23.7984
49  24.0948
50  25.7289
