0 1
0.05 1
0.1 1
0.15 1
0.2 1
0.25 1
0.3 1
0.35 1
0.4 1
0.45 1
0.5 1
0.55 1
0.6 1
0.65 1
0.7 1
0.75 1
0.8 1
0.85 1
0.9 1
0.95 1
1 1
1.05 1
1.1 1
1.15 1
1.2 1
1.25 1
1.3 1
1.35 1
1.4 1
1.45 1
1.5 1
1.55 1
1.6 1
1.65 1
1.7 1
1.75 1
1.8 1
1.85 1
1.9 1
1.95 1
2 1
2.05 1
2.1 1
2.15 1
2.2 1
2.25 1
2.3 1
2.35 1
2.4 1
2.45 1
2.5 1
2.55 1
2.6 1
2.65 1
2.7 1
2.75 1
2.8 1
2.85 1
2.9 1
2.95 1
3 1
3.05 1
3.1 1
3.15 1
3.2 1
3.25 1
3.3 1
3.35 1
3.4 1
3.45 1
3.5 1
3.55 1
3.6 1
3.65 1
3.7 1
3.75 1
3.8 1
3.85 1
3.9 1
3.95 1
4 1
4.05 1
4.1 1
4.15 1
4.2 1
4.25 1
4.3 1
4.35 1
4.4 1
4.45 1
4.5 1
4.55 1
4.6 1
4.65 1
4.7 1
4.75 1
4.8 1
4.85 1
4.9 1
4.95 1
5 1
5.05 1
5.1 1
5.15 1
5.2 1
5.25 1
5.3 1
5.35 1
5.4 1
5.45 1
5.5 1
5.55 1
5.6 1
5.65 1
5.7 1
5.75 1
5.8 1
5.85 1
5.9 1
5.95 1
6 1
6.05 1
6.1 1
6.15 1
6.2 1
6.25 1
6.3 1
6.35 1
6.4 1
6.45 1
6.5 1
6.55 1
6.6 1
6.65 1
6.7 1
6.75 1
6.8 1
6.85 1
6.9 1
6.95 1
7 1
7.05 1
7.1 1
7.15 1
7.2 1
7.25 1
7.3 1
7.35 1
7.4 1
7.45 1
7.5 1
7.55 1
7.6 1
7.65 1
7.7 1
7.75 1
7.8 1
7.85 1
7.9 1
7.95 1
8 1
8.05 1
8.1 1
8.15 1
8.2 1
8.25 1
8.3 1
8.35 1
8.4 1
8.45 1
8.5 1
8.55 1
8.6 1
8.65 1
8.7 1
8.75 1
8.8 1
8.85 1
8.9 1
8.95 1
9 1
9.05 1
9.1 1
9.15 1
9.2 1
9.25 1
9.3 1
9.35 1
9.4 1
9.45 1
9.5 1
9.55 1
9.6 1
9.65 1
9.7 1
9.75 1
9.8 1
9.85 1
9.9 1
9.95 1
10 1
10.05 1
10.1 1
10.15 1
10.2 1
10.25 1
10.3 1
10.35 1
10.4 1
10.45 1
10.5 1
10.55 1
10.6 1
10.65 1
10.7 1
10.75 1
10.8 1
10.85 1
10.9 1
10.95 1
11 1
11.05 1
11.1 1
11.15 1
11.2 1
11.25 1
11.3 1
11.35 1
11.4 1
11.45 1
11.5 1
11.55 1
11.6 1
11.65 1
11.7 1
11.75 1
11.8 1
11.85 1
11.9 1
11.95 1
12 1
12.05 1
12.1 1
12.15 1
12.2 1
12.25 1
12.3 1
12.35 1
12.4 1
12.45 1
12.5 1
12.55 1
12.6 1
12.65 1
12.7 1
12.75 1
12.8 1
12.85 1
12.9 1
12.95 1
13 1
13.05 1
13.1 1
13.15 1
13.2 1
13.25 1
13.3 1
13.35 1
13.4 1
13.45 1
13.5 1
13.55 1
13.6 1
13.65 1
13.7 1
13.75 1
13.8 1
13.85 1
13.9 1
13.95 1
14 1
14.05 1
14.1 1
14.15 1
14.2 1
14.25 1
14.3 1
14.35 1
14.4 1
14.45 1
14.5 1
14.55 1
14.6 1
14.65 1
14.7 1
14.75 1
14.8 1
14.85 1
14.9 1
14.95 1
15 1
15.05 1
15.1 1
15.15 1
15.2 1
15.25 1
15.3 1
15.35 1
15.4 1
15.45 1
15.5 1
15.55 1
15.6 1
15.65 1
15.7 1
15.75 1
15.8 1
15.85 1
15.9 1
15.95 1
16 1
16.05 1
16.1 1
16.15 1
16.2 1
16.25 1
16.3 1
16.35 1
16.4 1
16.45 1
16.5 1
16.55 1
16.6 1
16.65 1
16.7 1
16.75 1
16.8 1
16.85 1
16.9 1
16.95 1
17 1
17.05 1
17.1 1
17.15 1
17.2 1
17.25 1
17.3 1
17.35 1
17.4 1
17.45 1
17.5 1
17.55 1
17.6 1
17.65 1
17.7 1
17.75 1
17.8 1
17.85 1
17.9 1
17.95 1
18 1
18.05 1
18.1 1
18.15 1
18.2 1
18.25 1
18.3 1
18.35 1
18.4 1
18.45 1
18.5 1
18.55 1
18.6 1
18.65 1
18.7 1
18.75 1
18.8 1
18.85 1
18.9 1
18.95 1
19 1
19.05 1
19.1 1
19.15 1
19.2 1
19.25 1
19.3 1
19.35 1
19.4 1
19.45 1
19.5 1
19.55 1
19.6 1
19.65 1
19.7 1
19.75 1
19.8 1
19.85 1
19.9 1
19.95 1
20 1
20.05 1
20.1 1
20.15 1
20.2 1
20.25 1
20.3 1
20.35 1
20.4 1
20.45 1
20.5 1
20.55 1
20.6 1
20.65 1
20.7 1
20.75 1
20.8 1
20.85 1
20.9 1
20.95 1
21 1
21.05 1
21.1 1
21.15 1
21.2 1
21.25 1
21.3 1
21.35 1
21.4 1
21.45 1
21.5 1
21.55 1
21.6 1
21.65 1
21.7 1
21.75 1
21.8 1
21.85 1
21.9 1
21.95 1
22 1
22.05 1
22.1 1
22.15 1
22.2 1
22.25 1
22.3 1
22.35 1
22.4 1
22.45 1
22.5 1
22.55 1
22.6 1
22.65 1
22.7 1
22.75 1
22.8 1
22.85 1
22.9 1
22.95 1
23 1
23.05 1
23.1 1
23.15 1
23.2 1
23.25 1
23.3 1
23.35 1
23.4 1
23.45 1
23.5 1
23.55 1
23.6 1
23.65 1
23.7 1
23.75 1
23.8 1
23.85 1
23.9 1
23.95 1
24 1
24.05 1
24.1 1
24.15 1
24.2 1
24.25 1
24.3 1
24.35 1
24.4 1
24.45 1
24.5 1
24.55 1
24.6 1
24.65 1
24.7 1
24.75 1
24.8 1
24.85 1
24.9 1
24.95 1
25 1
25.05 1
25.1 1
25.15 1
25.2 1
25.25 1
25.3 1
25.35 1
25.4 1
25.45 1
25.5 1
25.55 1
25.6 1
25.65 1
25.7 1
25.75 1
25.8 1
25.85 1
25.9 1
25.95 1
26 1
26.05 1
26.1 1
26.15 1
26.2 1
26.25 1
26.3 1
26.35 1
26.4 1
26.45 1
26.5 1
26.55 1
26.6 1
26.65 1
26.7 1
26.75 1
26.8 1
26.85 1
26.9 1
26.95 1
27 1
27.05 1
27.1 1
27.15 1
27.2 1
27.25 1
27.3 1
27.35 1
27.4 1
27.45 1
27.5 1
27.55 1
27.6 1
27.65 1
27.7 1
27.75 1
27.8 1
27.85 1
27.9 1
27.95 1
28 1
28.05 1
28.1 1
28.15 1
28.2 1
28.25 1
28.3 1
28.35 1
28.4 1
28.45 1
28.5 1
28.55 1
28.6 1
28.65 1
28.7 1
28.75 1
28.8 1
28.85 1
28.9 1
28.95 1
29 1
29.05 1
29.1 1
29.15 1
29.2 1
29.25 1
29.3 1
29.35 1
29.4 1
29.45 1
29.5 1
29.55 1
29.6 1
29.65 1
29.7 1
29.75 1
29.8 1
29.85 1
29.9 1
29.95 1
30 1
30.05 1
30.1 1
30.15 1
30.2 1
30.25 1
30.3 1
30.35 1
30.4 1
30.45 1
30.5 1
30.55 1
30.6 1
30.65 1
30.7 1
30.75 1
30.8 1
30.85 1
30.9 1
30.95 1
31 1
31.05 1
31.1 1
31.15 1
31.2 1
31.25 1
31.3 1
31.35 1
31.4 1
31.45 1
31.5 1
31.55 1
31.6 1
31.65 1
31.7 1
31.75 1
31.8 1
31.85 1
31.9 1
31.95 1
32 1
32.05 1
32.1 1
32.15 1
32.2 1
32.25 1
32.3 1
32.35 1
32.4 1
32.45 1
32.5 1
32.55 1
32.6 1
32.65 1
32.7 1
32.75 1
32.8 1
32.85 1
32.9 1
32.95 1
33 1
33.05 1
33.1 1
33.15 1
33.2 1
33.25 1
33.3 1
33.35 1
33.4 1
33.45 1
33.5 1
33.55 1
33.6 1
33.65 1
33.7 1
33.75 1
33.8 1
33.85 1
33.9 1
33.95 1
34 1
34.05 1
34.1 1
34.15 1
34.2 1
34.25 1
34.3 1
34.35 1
34.4 1
34.45 1
34.5 1
34.55 1
34.6 1
34.65 1
34.7 1
34.75 1
34.8 1
34.85 1
34.9 1
34.95 1
35 1
35.05 1
35.1 1
35.15 1
35.2 1
35.25 1
35.3 1
35.35 1
35.4 1
35.45 1
35.5 1
35.55 1
35.6 1
35.65 1
35.7 1
35.75 1
35.8 1
35.85 1
35.9 1
35.95 1
36 1
36.05 1
36.1 1
36.15 1
36.2 1
36.25 1
36.3 1
36.35 1
36.4 1
36.45 1
36.5 1
36.55 1
36.6 1
36.65 1
36.7 1
36.75 1
36.8 1
36.85 1
36.9 1
36.95 1
37 1
37.05 1
37.1 1
37.15 1
37.2 1
37.25 1
37.3 1
37.35 1
37.4 1
37.45 1
37.5 1
37.55 1
37.6 1
37.65 1
37.7 1
37.75 1
37.8 1
37.85 1
37.9 1
37.95 1
38 1
38.05 1
38.1 1
38.15 1
38.2 1
38.25 1
38.3 1
38.35 1
38.4 1
38.45 1
38.5 1
38.55 1
38.6 1
38.65 1
38.7 1
38.75 1
38.8 1
38.85 1
38.9 1
38.95 1
39 1
39.05 1
39.1 1
39.15 1
39.2 1
39.25 1
39.3 1
39.35 1
39.4 1
39.45 1
39.5 1
39.55 1
39.6 1
39.65 1
39.7 1
39.75 1
39.8 1
39.85 1
39.9 1
39.95 1
40 1
40.05 1
40.1 1
40.15 1
40.2 1
40.25 1
40.3 1
40.35 1
40.4 1
40.45 1
40.5 1
40.55 1
40.6 1
40.65 1
40.7 1
40.75 1
40.8 1
40.85 1
40.9 1
40.95 1
41 1
41.05 1
41.1 1
41.15 1
41.2 1
41.25 1
41.3 1
41.35 1
41.4 1
41.45 1
41.5 1
41.55 1
41.6 1
41.65 1
41.7 1
41.75 1
41.8 1
41.85 1
41.9 1
41.95 1
42 1
42.05 1
42.1 1
42.15 1
42.2 1
42.25 1
42.3 1
42.35 1
42.4 1
42.45 1
42.5 1
42.55 1
42.6 1
42.65 1
42.7 1
42.75 1
42.8 1
42.85 1
42.9 1
42.95 1
43 1
43.05 1
43.1 1
43.15 1
43.2 1
43.25 1
43.3 1
43.35 1
43.4 1
43.45 1
43.5 1
43.55 1
43.6 1
43.65 1
43.7 1
43.75 1
43.8 1
43.85 1
43.9 1
43.95 1
44 1
44.05 1
44.1 1
44.15 1
44.2 1
44.25 1
44.3 1
44.35 1
44.4 1
44.45 1
44.5 1
44.55 1
44.6 1
44.65 1
44.7 1
44.75 1
44.8 1
44.85 1
44.9 1
44.95 1
45 1
45.05 1
45.1 1
45.15 1
45.2 1
45.25 1
45.3 1
45.35 1
45.4 1
45.45 1
45.5 1
45.55 1
45.6 1
45.65 1
45.7 1
45.75 1
45.8 1
45.85 1
45.9 1
45.95 1
46 1
46.05 1
46.1 1
46.15 1
46.2 1
46.25 1
46.3 1
46.35 1
46.4 1
46.45 1
46.5 1
46.55 1
46.6 1
46.65 1
46.7 1
46.75 1
46.8 1
46.85 1
46.9 1
46.95 1
47 1
47.05 1
47.1 1
47.15 1
47.2 1
47.25 1
47.3 1
47.35 1
47.4 1
47.45 1
47.5 1
47.55 1
47.6 1
47.65 1
47.7 1
47.75 1
47.8 1
47.85 1
47.9 1
47.95 1
48 1
48.05 1
48.1 1
48.15 1
48.2 1
48.25 1
48.3 1
48.35 1
48.4 1
48.45 1
48.5 1
48.55 1
48.6 1
48.65 1
48.7 1
48.75 1
48.8 1
48.85 1
48.9 1
48.95 1
49 1
49.05 1
49.1 1
49.15 1
49.2 1
49.25 1
49.3 1
49.35 1
49.4 1
49.45 1
49.5 1
49.55 1
49.6 1
49.65 1
49.7 1
49.75 1
49.8 1
49.85 1
49.9 1
49.95 1
50 1
50.05 1
50.1 1
50.15 1
50.2 1
50.25 1
50.3 1
50.35 1
50.4 1
50.45 1
50.5 1
50.55 1
50.6 1
50.65 1
50.7 1
50.75 1
50.8 1
50.85 1
50.9 1
50.95 1
51 1
51.05 1
51.1 1
51.15 1
51.2 1
51.25 1
51.3 1
51.35 1
51.4 1
51.45 1
51.5 1
51.55 1
51.6 1
51.65 1
51.7 1
51.75 1
51.8 1
51.85 1
51.9 1
51.95 1
52 1
52.05 1
52.1 1
52.15 1
52.2 1
52.25 1
52.3 1
52.35 1
52.4 1
52.45 1
52.5 1
52.55 1
52.6 1
52.65 1
52.7 1
52.75 1
52.8 1
52.85 1
52.9 1
52.95 1
53 1
53.05 1
53.1 1
53.15 1
53.2 1
53.25 1
53.3 1
53.35 1
53.4 1
53.45 1
53.5 1
53.55 1
53.6 1
53.65 1
53.7 1
53.75 1
53.8 1
53.85 1
53.9 1
53.95 1
54 1
54.05 1
54.1 1
54.15 1
54.2 1
54.25 1
54.3 1
54.35 1
54.4 1
54.45 1
54.5 1
54.55 1
54.6 1
54.65 1
54.7 1
54.75 1
54.8 1
54.85 1
54.9 1
54.95 1
55 1
55.05 1
55.1 1
55.15 1
55.2 1
55.25 1
55.3 1
55.35 1
55.4 1
55.45 1
55.5 1
55.55 1
55.6 1
55.65 1
55.7 1
55.75 1
55.8 1
55.85 1
55.9 1
55.95 1
56 1
56.05 1
56.1 1
56.15 1
56.2 1
56.25 1
56.3 1
56.35 1
56.4 1
56.45 1
56.5 1
56.55 1
56.6 1
56.65 1
56.7 1
56.75 1
56.8 1
56.85 1
56.9 1
56.95 1
57 1
57.05 1
57.1 1
57.15 1
57.2 1
57.25 1
57.3 1
57.35 1
57.4 1
57.45 1
57.5 1
57.55 1
57.6 1
57.65 1
57.7 1
57.75 1
57.8 1
57.85 1
57.9 1
57.95 1
58 1
58.05 1
58.1 1
58.15 1
58.2 1
58.25 1
58.3 1
58.35 1
58.4 1
58.45 1
58.5 1
58.55 1
58.6 1
58.65 1
58.7 1
58.75 1
58.8 1
58.85 1
58.9 1
58.95 1
59 1
59.05 1
59.1 1
59.15 1
59.2 1
59.25 1
59.3 1
59.35 1
59.4 1
59.45 1
59.5 1
59.55 1
59.6 1
59.65 1
59.7 1
59.75 1
59.8 1
59.85 1
59.9 1
59.95 1
60 1
60.05 1
60.1 1
60.15 1
60.2 1
60.25 1
60.3 1
60.35 1
60.4 1
60.45 1
60.5 1
60.55 1
60.6 1
60.65 1
60.7 1
60.75 1
60.8 1
60.85 1
60.9 1
60.95 1
61 1
61.05 1
61.1 1
61.15 1
61.2 1
61.25 1
61.3 1
61.35 1
61.4 1
61.45 1
61.5 1
61.55 1
61.6 1
61.65 1
61.7 1
61.75 1
61.8 1
61.85 1
61.9 1
61.95 1
62 1
62.05 1
62.1 1
62.15 1
62.2 1
62.25 1
62.3 1
62.35 1
62.4 1
62.45 1
62.5 1
62.55 1
62.6 1
62.65 1
62.7 1
62.75 1
62.8 1
62.85 1
62.9 1
62.95 1
63 1
63.05 1
63.1 1
63.15 1
63.2 1
63.25 1
63.3 1
63.35 1
63.4 1
63.45 1
63.5 1
63.55 1
63.6 1
63.65 1
63.7 1
63.75 1
63.8 1
63.85 1
63.9 1
63.95 1
64 1
64.05 1
64.1 1
64.15 1
64.2 1
64.25 1
64.3 1
64.35 1
64.4 1
64.45 1
64.5 1
64.55 1
64.6 1
64.65 1
64.7 1
64.75 1
64.8 1
64.85 1
64.9 1
64.95 1
65 1
65.05 1
65.1 1
65.15 1
65.2 1
65.25 1
65.3 1
65.35 1
65.4 1
65.45 1
65.5 1
65.55 1
65.6 1
65.65 1
65.7 1
65.75 1
65.8 1
65.85 1
65.9 1
65.95 1
66 1
66.05 1
66.1 1
66.15 1
66.2 1
66.25 1
66.3 1
66.35 1
66.4 1
66.45 1
66.5 1
66.55 1
66.6 1
66.65 1
66.7 1
66.75 1
66.8 1
66.85 1
66.9 1
66.95 1
67 1
67.05 1
67.1 1
67.15 1
67.2 1
67.25 1
67.3 1
67.35 1
67.4 1
67.45 1
67.5 1
67.55 1
67.6 1
67.65 1
67.7 1
67.75 1
67.8 1
67.85 1
67.9 1
67.95 1
68 1
68.05 1
68.1 1
68.15 1
68.2 1
68.25 1
68.3 1
68.35 1
68.4 1
68.45 1
68.5 1
68.55 1
68.6 1
68.65 1
68.7 1
68.75 1
68.8 1
68.85 1
68.9 1
68.95 1
69 1
69.05 1
69.1 1
69.15 1
69.2 1
69.25 1
69.3 1
69.35 1
69.4 1
69.45 1
69.5 1
69.55 1
69.6 1
69.65 1
69.7 1
69.75 1
69.8 1
69.85 1
69.9 1
69.95 1
70 1
70.05 1
70.1 1
70.15 1
70.2 1
70.25 1
70.3 1
70.35 1
70.4 1
70.45 1
70.5 1
70.55 1
70.6 1
70.65 1
70.7 1
70.75 1
70.8 1
70.85 1
70.9 1
70.95 1
71 1
71.05 1
71.1 1
71.15 1
71.2 1
71.25 1
71.3 1
71.35 1
71.4 1
71.45 1
71.5 1
71.55 1
71.6 1
71.65 1
71.7 1
71.75 1
71.8 1
71.85 1
71.9 1
71.95 1
72 1
72.05 1
72.1 1
72.15 1
72.2 1
72.25 1
72.3 1
72.35 1
72.4 1
72.45 1
72.5 1
72.55 1
72.6 1
72.65 1
72.7 1
72.75 1
72.8 1
72.85 1
72.9 1
72.95 1
73 1
73.05 1
73.1 1
73.15 1
73.2 1
73.25 1
73.3 1
73.35 1
73.4 1
73.45 1
73.5 1
73.55 1
73.6 1
73.65 1
73.7 1
73.75 1
73.8 1
73.85 1
73.9 1
73.95 1
74 1
74.05 1
74.1 1
74.15 1
74.2 1
74.25 1
74.3 1
74.35 1
74.4 1
74.45 1
74.5 1
74.55 1
74.6 1
74.65 1
74.7 1
74.75 1
74.8 1
74.85 1
74.9 1
74.95 1
75 1
75.05 1
75.1 1
75.15 1
75.2 1
75.25 1
75.3 1
75.35 1
75.4 1
75.45 1
75.5 1
75.55 1
75.6 1
75.65 1
75.7 1
75.75 1
75.8 1
75.85 1
75.9 1
75.95 1
76 1
76.05 1
76.1 1
76.15 1
76.2 1
76.25 1
76.3 1
76.35 1
76.4 1
76.45 1
76.5 1
76.55 1
76.6 1
76.65 1
76.7 1
76.75 1
76.8 1
76.85 1
76.9 1
76.95 1
77 1
77.05 1
77.1 1
77.15 1
77.2 1
77.25 1
77.3 1
77.35 1
77.4 1
77.45 1
77.5 1
77.55 1
77.6 1
77.65 1
77.7 1
77.75 1
77.8 1
77.85 1
77.9 1
77.95 1
78 1
78.05 1
78.1 1
78.15 1
78.2 1
78.25 1
78.3 1
78.35 1
78.4 1
78.45 1
78.5 1
78.55 1
78.6 1
78.65 1
78.7 1
78.75 1
78.8 1
78.85 1
78.9 1
78.95 1
79 1
79.05 1
79.1 1
79.15 1
79.2 1
79.25 1
79.3 1
79.35 1
79.4 1
79.45 1
79.5 1
79.55 1
79.6 1
79.65 1
79.7 1
79.75 1
79.8 1
79.85 1
79.9 1
79.95 1
80 1
80.05 1
80.1 1
80.15 1
80.2 1
80.25 1
80.3 1
80.35 1
80.4 1
80.45 1
80.5 1
80.55 1
80.6 1
80.65 1
80.7 1
80.75 1
80.8 1
80.85 1
80.9 1
80.95 1
81 1
81.05 1
81.1 1
81.15 1
81.2 1
81.25 1
81.3 1
81.35 1
81.4 1
81.45 1
81.5 1
81.55 1
81.6 1
81.65 1
81.7 1
81.75 1
81.8 1
81.85 1
81.9 1
81.95 1
82 1
82.05 1
82.1 1
82.15 1
82.2 1
82.25 1
82.3 1
82.35 1
82.4 1
82.45 1
82.5 1
82.55 1
82.6 1
82.65 1
82.7 1
82.75 1
82.8 1
82.85 1
82.9 1
82.95 1
83 1
83.05 1
83.1 1
83.15 1
83.2 1
83.25 1
83.3 1
83.35 1
83.4 1
83.45 1
83.5 1
83.55 1
83.6 1
83.65 1
83.7 1
83.75 1
83.8 1
83.85 1
83.9 1
83.95 1
84 1
84.05 1
84.1 1
84.15 1
84.2 1
84.25 1
84.3 1
84.35 1
84.4 1
84.45 1
84.5 1
84.55 1
84.6 1
84.65 1
84.7 1
84.75 1
84.8 1
84.85 1
84.9 1
84.95 1
85 1
85.05 1
85.1 1
85.15 1
85.2 1
85.25 1
85.3 1
85.35 1
85.4 1
85.45 1
85.5 1
85.55 1
85.6 1
85.65 1
85.7 1
85.75 1
85.8 1
85.85 1
85.9 1
85.95 1
86 1
86.05 1
86.1 1
86.15 1
86.2 1
86.25 1
86.3 1
86.35 1
86.4 1
86.45 1
86.5 1
86.55 1
86.6 1
86.65 1
86.7 1
86.75 1
86.8 1
86.85 1
86.9 1
86.95 1
87 1
87.05 1
87.1 1
87.15 1
87.2 1
87.25 1
87.3 1
87.35 1
87.4 1
87.45 1
87.5 1
87.55 1
87.6 1
87.65 1
87.7 1
87.75 1
87.8 1
87.85 1
87.9 1
87.95 1
88 1
88.05 1
88.1 1
88.15 1
88.2 1
88.25 1
88.3 1
88.35 1
88.4 1
88.45 1
88.5 1
88.55 1
88.6 1
88.65 1
88.7 1
88.75 1
88.8 1
88.85 1
88.9 1
88.95 1
89 1
89.05 1
89.1 1
89.15 1
89.2 1
89.25 1
89.3 1
89.35 1
89.4 1
89.45 1
89.5 1
89.55 1
89.6 1
89.65 1
89.7 1
89.75 1
89.8 1
89.85 1
89.9 1
89.95 1
90 1
90.05 1
90.1 1
90.15 1
90.2 1
90.25 1
90.3 1
90.35 1
90.4 1
90.45 1
90.5 1
90.55 1
90.6 1
90.65 1
90.7 1
90.75 1
90.8 1
90.85 1
90.9 1
90.95 1
91 1
91.05 1
91.1 1
91.15 1
91.2 1
91.25 1
91.3 1
91.35 1
91.4 1
91.45 1
91.5 1
91.55 1
91.6 1
91.65 1
91.7 1
91.75 1
91.8 1
91.85 1
91.9 1
91.95 1
92 1
92.05 1
92.1 1
92.15 1
92.2 1
92.25 1
92.3 1
92.35 1
92.4 1
92.45 1
92.5 1
92.55 1
92.6 1
92.65 1
92.7 1
92.75 1
92.8 1
92.85 1
92.9 1
92.95 1
93 1
93.05 1
93.1 1
93.15 1
93.2 1
93.25 1
93.3 1
93.35 1
93.4 1
93.45 1
93.5 1
93.55 1
93.6 1
93.65 1
93.7 1
93.75 1
93.8 1
93.85 1
93.9 1
93.95 1
94 1
94.05 1
94.1 1
94.15 1
94.2 1
94.25 1
94.3 1
94.35 1
94.4 1
94.45 1
94.5 1
94.55 1
94.6 1
94.65 1
94.7 1
94.75 1
94.8 1
94.85 1
94.9 1
94.95 1
95 1
95.05 1
95.1 1
95.15 1
95.2 1
95.25 1
95.3 1
95.35 1
95.4 1
95.45 1
95.5 1
95.55 1
95.6 1
95.65 1
95.7 1
95.75 1
95.8 1
95.85 1
95.9 1
95.95 1
96 1
96.05 1
96.1 1
96.15 1
96.2 1
96.25 1
96.3 1
96.35 1
96.4 1
96.45 1
96.5 1
96.55 1
96.6 1
96.65 1
96.7 1
96.75 1
96.8 1
96.85 1
96.9 1
96.95 1
97 1
97.05 1
97.1 1
97.15 1
97.2 1
97.25 1
97.3 1
97.35 1
97.4 1
97.45 1
97.5 1
97.55 1
97.6 1
97.65 1
97.7 1
97.75 1
97.8 1
97.85 1
97.9 1
97.95 1
98 1
98.05 1
98.1 1
98.15 1
98.2 1
98.25 1
98.3 1
98.35 1
98.4 1
98.45 1
98.5 1
98.55 1
98.6 1
98.65 1
98.7 1
98.75 1
98.8 1
98.85 1
98.9 1
98.95 1
99 1
99.05 1
99.1 1
99.15 1
99.2 1
99.25 1
99.3 1
99.35 1
99.4 1
99.45 1
99.5 1
99.55 1
99.6 1
99.65 1
99.7 1
99.75 1
99.8 1
99.85 1
99.9 1
99.95 1
100 1
100.05 1
100.1 1
100.15 1
100.2 1
100.25 1
100.3 1
100.35 1
100.4 1
100.45 1
100.5 1
100.55 1
100.6 1
100.65 1
100.7 1
100.75 1
100.8 1
100.85 1
100.9 1
100.95 1
101 1
101.05 1
101.1 1
101.15 1
101.2 1
101.25 1
101.3 1
101.35 1
101.4 1
101.45 1
101.5 1
101.55 1
101.6 1
101.65 1
101.7 1
101.75 1
101.8 1
101.85 1
101.9 1
101.95 1
102 1
102.05 1
102.1 1
102.15 1
102.2 1
102.25 1
102.3 1
102.35 1
102.4 1
102.45 1
102.5 1
102.55 1
102.6 1
102.65 1
102.7 1
102.75 1
102.8 1
102.85 1
102.9 1
102.95 1
103 1
103.05 1
103.1 1
103.15 1
103.2 1
103.25 1
103.3 1
103.35 1
103.4 1
103.45 1
103.5 1
103.55 1
103.6 1
103.65 1
103.7 1
103.75 1
103.8 1
103.85 1
103.9 1
103.95 1
104 1
104.05 1
104.1 1
104.15 1
104.2 1
104.25 1
104.3 1
104.35 1
104.4 1
104.45 1
104.5 1
104.55 1
104.6 1
104.65 1
104.7 1
104.75 1
104.8 1
104.85 1
104.9 1
104.95 1
105 1
105.05 1
105.1 1
105.15 1
105.2 1
105.25 1
105.3 1
105.35 1
105.4 1
105.45 1
105.5 1
105.55 1
105.6 1
105.65 1
105.7 1
105.75 1
105.8 1
105.85 1
105.9 1
105.95 1
106 1
106.05 1
106.1 1
106.15 1
106.2 1
106.25 1
106.3 1
106.35 1
106.4 1
106.45 1
106.5 1
106.55 1
106.6 1
106.65 1
106.7 1
106.75 1
106.8 1
106.85 1
106.9 1
106.95 1
107 1
107.05 1
107.1 1
107.15 1
107.2 1
107.25 1
107.3 1
107.35 1
107.4 1
107.45 1
107.5 1
107.55 1
107.6 1
107.65 1
107.7 1
107.75 1
107.8 1
107.85 1
107.9 1
107.95 1
108 1
108.05 1
108.1 1
108.15 1
108.2 1
108.25 1
108.3 1
108.35 1
108.4 1
108.45 1
108.5 1
108.55 1
108.6 1
108.65 1
108.7 1
108.75 1
108.8 1
108.85 1
108.9 1
108.95 1
109 1
109.05 1
109.1 1
109.15 1
109.2 1
109.25 1
109.3 1
109.35 1
109.4 1
109.45 1
109.5 1
109.55 1
109.6 1
109.65 1
109.7 1
109.75 1
109.8 1
109.85 1
109.9 1
109.95 1
110 1
110.05 1
110.1 1
110.15 1
110.2 1
110.25 1
110.3 1
110.35 1
110.4 1
110.45 1
110.5 1
110.55 1
110.6 1
110.65 1
110.7 1
110.75 1
110.8 1
110.85 1
110.9 1
110.95 1
111 1
111.05 1
111.1 1
111.15 1
111.2 1
111.25 1
111.3 1
111.35 1
111.4 1
111.45 1
111.5 1
111.55 1
111.6 1
111.65 1
111.7 1
111.75 1
111.8 1
111.85 1
111.9 1
111.95 1
112 1
112.05 1
112.1 1
112.15 1
112.2 1
112.25 1
112.3 1
112.35 1
112.4 1
112.45 1
112.5 1
112.55 1
112.6 1
112.65 1
112.7 1
112.75 1
112.8 1
112.85 1
112.9 1
112.95 1
113 1
113.05 1
113.1 1
113.15 1
113.2 1
113.25 1
113.3 1
113.35 1
113.4 1
113.45 1
113.5 1
113.55 1
113.6 1
113.65 1
113.7 1
113.75 1
113.8 1
113.85 1
113.9 1
113.95 1
114 1
114.05 1
114.1 1
114.15 1
114.2 1
114.25 1
114.3 1
114.35 1
114.4 1
114.45 1
114.5 1
114.55 1
114.6 1
114.65 1
114.7 1
114.75 1
114.8 1
114.85 1
114.9 1
114.95 1
115 1
115.05 1
115.1 1
115.15 1
115.2 1
115.25 1
115.3 1
115.35 1
115.4 1
115.45 1
115.5 1
115.55 1
115.6 1
115.65 1
115.7 1
115.75 1
115.8 1
115.85 1
115.9 1
115.95 1
116 1
116.05 1
116.1 1
116.15 1
116.2 1
116.25 1
116.3 1
116.35 1
116.4 1
116.45 1
116.5 1
116.55 1
116.6 1
116.65 1
116.7 1
116.75 1
116.8 1
116.85 1
116.9 1
116.95 1
117 1
117.05 1
117.1 1
117.15 1
117.2 1
117.25 1
117.3 1
117.35 1
117.4 1
117.45 1
117.5 1
117.55 1
117.6 1
117.65 1
117.7 1
117.75 1
117.8 1
117.85 1
117.9 1
117.95 1
118 1
118.05 1
118.1 1
118.15 1
118.2 1
118.25 1
118.3 1
118.35 1
118.4 1
118.45 1
118.5 1
118.55 1
118.6 1
118.65 1
118.7 1
118.75 1
118.8 1
118.85 1
118.9 1
118.95 1
119 1
119.05 1
119.1 1
119.15 1
119.2 1
119.25 1
119.3 1
119.35 1
119.4 1
119.45 1
119.5 1
119.55 1
119.6 1
119.65 1
119.7 1
119.75 1
119.8 1
119.85 1
119.9 1
119.95 1
120 1
120.05 1
120.1 1
120.15 1
120.2 1
120.25 1
120.3 1
120.35 1
120.4 1
120.45 1
120.5 1
120.55 1
120.6 1
120.65 1
120.7 1
120.75 1
120.8 1
120.85 1
120.9 1
120.95 1
121 1
121.05 1
121.1 1
121.15 1
121.2 1
121.25 1
121.3 1
121.35 1
121.4 1
121.45 1
121.5 1
121.55 1
121.6 1
121.65 1
121.7 1
121.75 1
121.8 1
121.85 1
121.9 1
121.95 1
122 1
122.05 1
122.1 1
122.15 1
122.2 1
122.25 1
122.3 1
122.35 1
122.4 1
122.45 1
122.5 1
122.55 1
122.6 1
122.65 1
122.7 1
122.75 1
122.8 1
122.85 1
122.9 1
122.95 1
123 1
123.05 1
123.1 1
123.15 1
123.2 1
123.25 1
123.3 1
123.35 1
123.4 1
123.45 1
123.5 1
123.55 1
123.6 1
123.65 1
123.7 1
123.75 1
123.8 1
123.85 1
123.9 1
123.95 1
124 1
124.05 1
124.1 1
124.15 1
124.2 1
124.25 1
124.3 1
124.35 1
124.4 1
124.45 1
124.5 1
124.55 1
124.6 1
124.65 1
124.7 1
124.75 1
124.8 1
124.85 1
124.9 1
124.95 1
125 1
125.05 1
125.1 1
125.15 1
125.2 1
125.25 1
125.3 1
125.35 1
125.4 1
125.45 1
125.5 1
125.55 1
125.6 1
125.65 1
125.7 1
125.75 1
125.8 1
125.85 1
125.9 1
125.95 1
126 1
126.05 1
126.1 1
126.15 1
126.2 1
126.25 1
126.3 1
126.35 1
126.4 1
126.45 1
126.5 1
126.55 1
126.6 1
126.65 1
126.7 1
126.75 1
126.8 1
126.85 1
126.9 1
126.95 1
127 1
127.05 1
127.1 1
127.15 1
127.2 1
127.25 1
127.3 1
127.35 1
127.4 1
127.45 1
127.5 1
127.55 1
127.6 1
127.65 1
127.7 1
127.75 1
127.8 1
127.85 1
127.9 1
127.95 1
128 1
128.05 1
128.1 1
128.15 1
128.2 1
128.25 1
128.3 1
128.35 1
128.4 1
128.45 1
128.5 1
128.55 1
128.6 1
128.65 1
128.7 1
128.75 1
128.8 1
128.85 1
128.9 1
128.95 1
129 1
129.05 1
129.1 1
129.15 1
129.2 1
129.25 1
129.3 1
129.35 1
129.4 1
129.45 1
129.5 1
129.55 1
129.6 1
129.65 1
129.7 1
129.75 1
129.8 1
129.85 1
129.9 1
129.95 1
130 1
130.05 1
130.1 1
130.15 1
130.2 1
130.25 1
130.3 1
130.35 1
130.4 1
130.45 1
130.5 1
130.55 1
130.6 1
130.65 1
130.7 1
130.75 1
130.8 1
130.85 1
130.9 1
130.95 1
131 1
131.05 1
131.1 1
131.15 1
131.2 1
131.25 1
131.3 1
131.35 1
131.4 1
131.45 1
131.5 1
131.55 1
131.6 1
131.65 1
131.7 1
131.75 1
131.8 1
131.85 1
131.9 1
131.95 1
132 1
132.05 1
132.1 1
132.15 1
132.2 1
132.25 1
132.3 1
132.35 1
132.4 1
132.45 1
132.5 1
132.55 1
132.6 1
132.65 1
132.7 1
132.75 1
132.8 1
132.85 1
132.9 1
132.95 1
133 1
133.05 1
133.1 1
133.15 1
133.2 1
133.25 1
133.3 1
133.35 1
133.4 1
133.45 1
133.5 1
133.55 1
133.6 1
133.65 1
133.7 1
133.75 1
133.8 1
133.85 1
133.9 1
133.95 1
134 1
134.05 1
134.1 1
134.15 1
134.2 1
134.25 1
134.3 1
134.35 1
134.4 1
134.45 1
134.5 1
134.55 1
134.6 1
134.65 1
134.7 1
134.75 1
134.8 1
134.85 1
134.9 1
134.95 1
135 1
135.05 1
135.1 1
135.15 1
135.2 1
135.25 1
135.3 1
135.35 1
135.4 1
135.45 1
135.5 1
135.55 1
135.6 1
135.65 1
135.7 1
135.75 1
135.8 1
135.85 1
135.9 1
135.95 1
136 1
136.05 1
136.1 1
136.15 1
136.2 1
136.25 1
136.3 1
136.35 1
136.4 1
136.45 1
136.5 1
136.55 1
136.6 1
136.65 1
136.7 1
136.75 1
136.8 1
136.85 1
136.9 1
136.95 1
137 1
137.05 1
137.1 1
137.15 1
137.2 1
137.25 1
137.3 1
137.35 1
137.4 1
137.45 1
137.5 1
137.55 1
137.6 1
137.65 1
137.7 1
137.75 1
137.8 1
137.85 1
137.9 1
137.95 1
138 1
138.05 1
138.1 1
138.15 1
138.2 1
138.25 1
138.3 1
138.35 1
138.4 1
138.45 1
138.5 1
138.55 1
138.6 1
138.65 1
138.7 1
138.75 1
138.8 1
138.85 1
138.9 1
138.95 1
139 1
139.05 1
139.1 1
139.15 1
139.2 1
139.25 1
139.3 1
139.35 1
139.4 1
139.45 1
139.5 1
139.55 1
139.6 1
139.65 1
139.7 1
139.75 1
139.8 1
139.85 1
139.9 1
139.95 1
140 1
140.05 1
140.1 1
140.15 1
140.2 1
140.25 1
140.3 1
140.35 1
140.4 1
140.45 1
140.5 1
140.55 1
140.6 1
140.65 1
140.7 1
140.75 1
140.8 1
140.85 1
140.9 1
140.95 1
141 1
141.05 1
141.1 1
141.15 1
141.2 1
141.25 1
141.3 1
141.35 1
141.4 1
141.45 1
141.5 1
141.55 1
141.6 1
141.65 1
141.7 1
141.75 1
141.8 1
141.85 1
141.9 1
141.95 1
142 1
142.05 1
142.1 1
142.15 1
142.2 1
142.25 1
142.3 1
142.35 1
142.4 1
142.45 1
142.5 1
142.55 1
142.6 1
142.65 1
142.7 1
142.75 1
142.8 1
142.85 1
142.9 1
142.95 1
143 1
143.05 1
143.1 1
143.15 1
143.2 1
143.25 1
143.3 1
143.35 1
143.4 1
143.45 1
143.5 1
143.55 1
143.6 1
143.65 1
143.7 1
143.75 1
143.8 1
143.85 1
143.9 1
143.95 1
144 1
144.05 1
144.1 1
144.15 1
144.2 1
144.25 1
144.3 1
144.35 1
144.4 1
144.45 1
144.5 1
144.55 1
144.6 1
144.65 1
144.7 1
144.75 1
144.8 1
144.85 1
144.9 1
144.95 1
145 1
145.05 1
145.1 1
145.15 1
145.2 1
145.25 1
145.3 1
145.35 1
145.4 1
145.45 1
145.5 1
145.55 1
145.6 1
145.65 1
145.7 1
145.75 1
145.8 1
145.85 1
145.9 1
145.95 1
146 1
146.05 1
146.1 1
146.15 1
146.2 1
146.25 1
146.3 1
146.35 1
146.4 1
146.45 1
146.5 1
146.55 1
146.6 1
146.65 1
146.7 1
146.75 1
146.8 1
146.85 1
146.9 1
146.95 1
147 1
147.05 1
147.1 1
147.15 1
147.2 1
147.25 1
147.3 1
147.35 1
147.4 1
147.45 1
147.5 1
147.55 1
147.6 1
147.65 1
147.7 1
147.75 1
147.8 1
147.85 1
147.9 1
147.95 1
148 1
148.05 1
148.1 1
148.15 1
148.2 1
148.25 1
148.3 1
148.35 1
148.4 1
148.45 1
148.5 1
148.55 1
148.6 1
148.65 1
148.7 1
148.75 1
148.8 1
148.85 1
148.9 1
148.95 1
149 1
149.05 1
149.1 1
149.15 1
149.2 1
149.25 1
149.3 1
149.35 1
149.4 1
149.45 1
149.5 1
149.55 1
149.6 1
149.65 1
149.7 1
149.75 1
149.8 1
149.85 1
149.9 1
149.95 1
150 1
150.05 1
150.1 1
150.15 1
150.2 1
150.25 1
150.3 1
150.35 1
150.4 1
150.45 1
150.5 1
150.55 1
150.6 1
150.65 1
150.7 1
150.75 1
150.8 1
150.85 1
150.9 1
150.95 1
151 1
151.05 1
151.1 1
151.15 1
151.2 1
151.25 1
151.3 1
151.35 1
151.4 1
151.45 1
151.5 1
151.55 1
151.6 1
151.65 1
151.7 1
151.75 1
151.8 1
151.85 1
151.9 1
151.95 1
152 1
152.05 1
152.1 1
152.15 1
152.2 1
152.25 1
152.3 1
152.35 1
152.4 1
152.45 1
152.5 1
152.55 1
152.6 1
152.65 1
152.7 1
152.75 1
152.8 1
152.85 1
152.9 1
152.95 1
153 1
153.05 1
153.1 1
153.15 1
153.2 1
153.25 1
153.3 1
153.35 1
153.4 1
153.45 1
153.5 1
153.55 1
153.6 1
153.65 1
153.7 1
153.75 1
153.8 1
153.85 1
153.9 1
153.95 1
154 1
154.05 1
154.1 1
154.15 1
154.2 1
154.25 1
154.3 1
154.35 1
154.4 1
154.45 1
154.5 1
154.55 1
154.6 1
154.65 1
154.7 1
154.75 1
154.8 1
154.85 1
154.9 1
154.95 1
155 1
155.05 1
155.1 1
155.15 1
155.2 1
155.25 1
155.3 1
155.35 1
155.4 1
155.45 1
155.5 1
155.55 1
155.6 1
155.65 1
155.7 1
155.75 1
155.8 1
155.85 1
155.9 1
155.95 1
156 1
156.05 1
156.1 1
156.15 1
156.2 1
156.25 1
156.3 1
156.35 1
156.4 1
156.45 1
156.5 1
156.55 1
156.6 1
156.65 1
156.7 1
156.75 1
156.8 1
156.85 1
156.9 1
156.95 1
157 1
157.05 1
157.1 1
157.15 1
157.2 1
157.25 1
157.3 1
157.35 1
157.4 1
157.45 1
157.5 1
157.55 1
157.6 1
157.65 1
157.7 1
157.75 1
157.8 1
157.85 1
157.9 1
157.95 1
158 1
158.05 1
158.1 1
158.15 1
158.2 1
158.25 1
158.3 1
158.35 1
158.4 1
158.45 1
158.5 1
158.55 1
158.6 1
158.65 1
158.7 1
158.75 1
158.8 1
158.85 1
158.9 1
158.95 1
159 1
159.05 1
159.1 1
159.15 1
159.2 1
159.25 1
159.3 1
159.35 1
159.4 1
159.45 1
159.5 1
159.55 1
159.6 1
159.65 1
159.7 1
159.75 1
159.8 1
159.85 1
159.9 1
159.95 1
160 1
160.05 1
160.1 1
160.15 1
160.2 1
160.25 1
160.3 1
160.35 1
160.4 1
160.45 1
160.5 1
160.55 1
160.6 1
160.65 1
160.7 1
160.75 1
160.8 1
160.85 1
160.9 1
160.95 1
161 1
161.05 1
161.1 1
161.15 1
161.2 1
161.25 1
161.3 1
161.35 1
161.4 1
161.45 1
161.5 1
161.55 1
161.6 1
161.65 1
161.7 1
161.75 1
161.8 1
161.85 1
161.9 1
161.95 1
162 1
162.05 1
162.1 1
162.15 1
162.2 1
162.25 1
162.3 1
162.35 1
162.4 1
162.45 1
162.5 1
162.55 1
162.6 1
162.65 1
162.7 1
162.75 1
162.8 1
162.85 1
162.9 1
162.95 1
163 1
163.05 1
163.1 1
163.15 1
163.2 1
163.25 1
163.3 1
163.35 1
163.4 1
163.45 1
163.5 1
163.55 1
163.6 1
163.65 1
163.7 1
163.75 1
163.8 1
163.85 1
163.9 1
163.95 1
164 1
164.05 1
164.1 1
164.15 1
164.2 1
164.25 1
164.3 1
164.35 1
164.4 1
164.45 1
164.5 1
164.55 1
164.6 1
164.65 1
164.7 1
164.75 1
164.8 1
164.85 1
164.9 1
164.95 1
165 1
165.05 1
165.1 1
165.15 1
165.2 1
165.25 1
165.3 1
165.35 1
165.4 1
165.45 1
165.5 1
165.55 1
165.6 1
165.65 1
165.7 1
165.75 1
165.8 1
165.85 1
165.9 1
165.95 1
166 1
166.05 1
166.1 1
166.15 1
166.2 1
166.25 1
166.3 1
166.35 1
166.4 1
166.45 1
166.5 1
166.55 1
166.6 1
166.65 1
166.7 1
166.75 1
166.8 1
166.85 1
166.9 1
166.95 1
167 1
167.05 1
167.1 1
167.15 1
167.2 1
167.25 1
167.3 1
167.35 1
167.4 1
167.45 1
167.5 1
167.55 1
167.6 1
167.65 1
167.7 1
167.75 1
167.8 1
167.85 1
167.9 1
167.95 1
168 1
168.05 1
168.1 1
168.15 1
168.2 1
168.25 1
168.3 1
168.35 1
168.4 1
168.45 1
168.5 1
168.55 1
168.6 1
168.65 1
168.7 1
168.75 1
168.8 1
168.85 1
168.9 1
168.95 1
169 1
169.05 1
169.1 1
169.15 1
169.2 1
169.25 1
169.3 1
169.35 1
169.4 1
169.45 1
169.5 1
169.55 1
169.6 1
169.65 1
169.7 1
169.75 1
169.8 1
169.85 1
169.9 1
169.95 1
170 1
170.05 1
170.1 1
170.15 1
170.2 1
170.25 1
170.3 1
170.35 1
170.4 1
170.45 1
170.5 1
170.55 1
170.6 1
170.65 1
170.7 1
170.75 1
170.8 1
170.85 1
170.9 1
170.95 1
171 1
171.05 1
171.1 1
171.15 1
171.2 1
171.25 1
171.3 1
171.35 1
171.4 1
171.45 1
171.5 1
171.55 1
171.6 1
171.65 1
171.7 1
171.75 1
171.8 1
171.85 1
171.9 1
171.95 1
172 1
172.05 1
172.1 1
172.15 1
172.2 1
172.25 1
172.3 1
172.35 1
172.4 1
172.45 1
172.5 1
172.55 1
172.6 1
172.65 1
172.7 1
172.75 1
172.8 1
172.85 1
172.9 1
172.95 1
173 1
173.05 1
173.1 1
173.15 1
173.2 1
173.25 1
173.3 1
173.35 1
173.4 1
173.45 1
173.5 1
173.55 1
173.6 1
173.65 1
173.7 1
173.75 1
173.8 1
173.85 1
173.9 1
173.95 1
174 1
174.05 1
174.1 1
174.15 1
174.2 1
174.25 1
174.3 1
174.35 1
174.4 1
174.45 1
174.5 1
174.55 1
174.6 1
174.65 1
174.7 1
174.75 1
174.8 1
174.85 1
174.9 1
174.95 1
175 1
175.05 1
175.1 1
175.15 1
175.2 1
175.25 1
175.3 1
175.35 1
175.4 1
175.45 1
175.5 1
175.55 1
175.6 1
175.65 1
175.7 1
175.75 1
175.8 1
175.85 1
175.9 1
175.95 1
176 1
176.05 1
176.1 1
176.15 1
176.2 1
176.25 1
176.3 1
176.35 1
176.4 1
176.45 1
176.5 1
176.55 1
176.6 1
176.65 1
176.7 1
176.75 1
176.8 1
176.85 1
176.9 1
176.95 1
177 1
177.05 1
177.1 1
177.15 1
177.2 1
177.25 1
177.3 1
177.35 1
177.4 1
177.45 1
177.5 1
177.55 1
177.6 1
177.65 1
177.7 1
177.75 1
177.8 1
177.85 1
177.9 1
177.95 1
178 1
178.05 1
178.1 1
178.15 1
178.2 1
178.25 1
178.3 1
178.35 1
178.4 1
178.45 1
178.5 1
178.55 1
178.6 1
178.65 1
178.7 1
178.75 1
178.8 1
178.85 1
178.9 1
178.95 1
179 1
179.05 1
179.1 1
179.15 1
179.2 1
179.25 1
179.3 1
179.35 1
179.4 1
179.45 1
179.5 1
179.55 1
179.6 1
179.65 1
179.7 1
179.75 1
179.8 1
179.85 1
179.9 1
179.95 1
180 1
180.05 1
180.1 1
180.15 1
180.2 1
180.25 1
180.3 1
180.35 1
180.4 1
180.45 1
180.5 1
180.55 1
180.6 1
180.65 1
180.7 1
180.75 1
180.8 1
180.85 1
180.9 1
180.95 1
181 1
181.05 1
181.1 1
181.15 1
181.2 1
181.25 1
181.3 1
181.35 1
181.4 1
181.45 1
181.5 1
181.55 1
181.6 1
181.65 1
181.7 1
181.75 1
181.8 1
181.85 1
181.9 1
181.95 1
182 1
182.05 1
182.1 1
182.15 1
182.2 1
182.25 1
182.3 1
182.35 1
182.4 1
182.45 1
182.5 1
182.55 1
182.6 1
182.65 1
182.7 1
182.75 1
182.8 1
182.85 1
182.9 1
182.95 1
183 1
183.05 1
183.1 1
183.15 1
183.2 1
183.25 1
183.3 1
183.35 1
183.4 1
183.45 1
183.5 1
183.55 1
183.6 1
183.65 1
183.7 1
183.75 1
183.8 1
183.85 1
183.9 1
183.95 1
184 1
184.05 1
184.1 1
184.15 1
184.2 1
184.25 1
184.3 1
184.35 1
184.4 1
184.45 1
184.5 1
184.55 1
184.6 1
184.65 1
184.7 1
184.75 1
184.8 1
184.85 1
184.9 1
184.95 1
185 1
185.05 1
185.1 1
185.15 1
185.2 1
185.25 1
185.3 1
185.35 1
185.4 1
185.45 1
185.5 1
185.55 1
185.6 1
185.65 1
185.7 1
185.75 1
185.8 1
185.85 1
185.9 1
185.95 1
186 1
186.05 1
186.1 1
186.15 1
186.2 1
186.25 1
186.3 1
186.35 1
186.4 1
186.45 1
186.5 1
186.55 1
186.6 1
186.65 1
186.7 1
186.75 1
186.8 1
186.85 1
186.9 1
186.95 1
187 1
187.05 1
187.1 1
187.15 1
187.2 1
187.25 1
187.3 1
187.35 1
187.4 1
187.45 1
187.5 1
187.55 1
187.6 1
187.65 1
187.7 1
187.75 1
187.8 1
187.85 1
187.9 1
187.95 1
188 1
188.05 1
188.1 1
188.15 1
188.2 1
188.25 1
188.3 1
188.35 1
188.4 1
188.45 1
