0 1
0.05 0.97501
0.1 0.950083
0.15 0.925281
0.2 0.900665
0.25 0.876298
0.3 0.85224
0.35 0.828551
0.4 0.805291
0.45 0.782517
0.5 0.760287
0.55 0.738656
0.6 0.717679
0.65 0.697407
0.7 0.677891
0.75 0.659181
0.8 0.641322
0.85 0.62436
0.9 0.608337
0.95 0.593292
1 0.579265
1.05 0.566288
1.1 0.554396
1.15 0.543618
1.2 0.53398
1.25 0.525508
1.3 0.518221
1.35 0.512138
1.4 0.507275
1.45 0.503644
1.5 0.501253
1.55 0.500108
1.6 0.500213
1.65 0.501567
1.7 0.504168
1.75 0.508007
1.8 0.513076
1.85 0.519362
1.9 0.52685
1.95 0.53552
2 0.545351
2.05 0.556319
2.1 0.568395
2.15 0.581551
2.2 0.595752
2.25 0.610963
2.3 0.627147
2.35 0.644263
2.4 0.662268
2.45 0.681118
2.5 0.700764
2.55 0.721158
2.6 0.742249
2.65 0.763985
2.7 0.78631
2.75 0.80917
2.8 0.832506
2.85 0.856261
2.9 0.880375
2.95 0.904789
3 0.92944
3.05 0.954268
3.1 0.97921
3.15 1.0042
3.2 1.02919
3.25 1.0541
3.3 1.07887
3.35 1.10345
3.4 1.12777
3.45 1.15177
3.5 1.17539
3.55 1.19857
3.6 1.22126
3.65 1.24339
3.7 1.26492
3.75 1.28578
3.8 1.30593
3.85 1.32531
3.9 1.34388
3.95 1.36159
4 1.3784
4.05 1.39426
4.1 1.40914
4.15 1.42299
4.2 1.43579
4.25 1.44749
4.3 1.45808
4.35 1.46753
4.4 1.4758
4.45 1.48289
4.5 1.48877
4.55 1.49342
4.6 1.49685
4.65 1.49903
4.7 1.49996
4.75 1.49965
4.8 1.49808
4.85 1.49527
4.9 1.49123
4.95 1.48595
5 1.47946
5.05 1.47177
5.1 1.46291
5.15 1.45288
5.2 1.44173
5.25 1.42947
5.3 1.41613
5.35 1.40176
5.4 1.38638
5.45 1.37004
5.5 1.35277
5.55 1.33462
5.6 1.31563
5.65 1.29586
5.7 1.27534
5.75 1.25414
5.8 1.2323
5.85 1.20988
5.9 1.18694
5.95 1.16353
6 1.13971
6.05 1.11554
6.1 1.09108
6.15 1.0664
6.2 1.04154
6.25 1.01659
6.3 0.991593
6.35 0.966618
6.4 0.941725
6.45 0.916979
6.5 0.89244
6.55 0.86817
6.6 0.844229
6.65 0.820678
6.7 0.797575
6.75 0.774978
6.8 0.752943
6.85 0.731526
6.9 0.71078
6.95 0.690757
7 0.671507
7.05 0.653078
7.1 0.635515
7.15 0.618864
7.2 0.603166
7.25 0.58846
7.3 0.574782
7.35 0.562167
7.4 0.550646
7.45 0.540248
7.5 0.531
7.55 0.522924
7.6 0.51604
7.65 0.510366
7.7 0.505916
7.75 0.502701
7.8 0.500728
7.85 0.500004
7.9 0.500529
7.95 0.502303
8 0.505321
8.05 0.509575
8.1 0.515055
8.15 0.521747
8.2 0.529635
8.25 0.538698
8.3 0.548914
8.35 0.560258
8.4 0.572701
8.45 0.586211
8.5 0.600756
8.55 0.616299
8.6 0.632801
8.65 0.650221
8.7 0.668515
8.75 0.687638
8.8 0.707541
8.85 0.728176
8.9 0.74949
8.95 0.77143
9 0.793941
9.05 0.816967
9.1 0.840451
9.15 0.864333
9.2 0.888555
9.25 0.913055
9.3 0.937773
9.35 0.962646
9.4 0.987612
9.45 1.01261
9.5 1.03758
9.55 1.06245
9.6 1.08716
9.65 1.11166
9.7 1.13588
9.75 1.15976
9.8 1.18324
9.85 1.20626
9.9 1.22877
9.95 1.2507
10 1.27201
10.05 1.29264
10.1 1.31254
10.15 1.33165
10.2 1.34994
10.25 1.36735
10.3 1.38384
10.35 1.39938
10.4 1.41391
10.45 1.42741
10.5 1.43985
10.55 1.45118
10.6 1.46139
10.65 1.47044
10.7 1.47832
10.75 1.485
10.8 1.49047
10.85 1.49471
10.9 1.49772
10.95 1.49948
11 1.5
11.05 1.49926
11.1 1.49728
11.15 1.49405
11.2 1.48959
11.25 1.4839
11.3 1.47701
11.35 1.46892
11.4 1.45966
11.45 1.44926
11.5 1.43773
11.55 1.4251
11.6 1.41141
11.65 1.3967
11.7 1.38099
11.75 1.36433
11.8 1.34676
11.85 1.32833
11.9 1.30907
11.95 1.28904
12 1.26829
12.05 1.24686
12.1 1.22482
12.15 1.20222
12.2 1.17911
12.25 1.15556
12.3 1.13162
12.35 1.10734
12.4 1.0828
12.45 1.05805
12.5 1.03316
12.55 1.00818
12.6 0.983188
12.65 0.958234
12.7 0.933384
12.75 0.9087
12.8 0.884245
12.85 0.860079
12.9 0.836263
12.95 0.812856
13 0.789916
13.05 0.767502
13.1 0.745669
13.15 0.724472
13.2 0.703963
13.25 0.684195
13.3 0.665215
13.35 0.647073
13.4 0.629812
13.45 0.613477
13.5 0.598108
13.55 0.583743
13.6 0.570419
13.65 0.558169
13.7 0.547023
13.75 0.537009
13.8 0.528152
13.85 0.520475
13.9 0.513996
13.95 0.508732
14 0.504696
14.05 0.501898
14.1 0.500345
14.15 0.500041
14.2 0.500987
14.25 0.503179
14.3 0.506614
14.35 0.511282
14.4 0.517171
14.45 0.524267
14.5 0.532552
14.55 0.542006
14.6 0.552604
14.65 0.564321
14.7 0.577127
14.75 0.590989
14.8 0.605874
14.85 0.621744
14.9 0.638559
14.95 0.656278
15 0.674856
15.05 0.694247
15.1 0.714402
15.15 0.73527
15.2 0.756801
15.25 0.778939
15.3 0.80163
15.35 0.824816
15.4 0.848441
15.45 0.872444
15.5 0.896766
15.55 0.921346
15.6 0.946123
15.65 0.971035
15.7 0.996018
15.75 1.02101
15.8 1.04595
15.85 1.07078
15.9 1.09543
15.95 1.11984
16 1.14395
16.05 1.1677
16.1 1.19104
16.15 1.21389
16.2 1.23621
16.25 1.25794
16.3 1.27903
16.35 1.29941
16.4 1.31905
16.45 1.3379
16.5 1.35589
16.55 1.373
16.6 1.38918
16.65 1.40438
16.7 1.41857
16.75 1.43172
16.8 1.44378
16.85 1.45474
16.9 1.46456
16.95 1.47322
17 1.4807
17.05 1.48697
17.1 1.49203
17.15 1.49586
17.2 1.49845
17.25 1.49979
17.3 1.49989
17.35 1.49873
17.4 1.49633
17.45 1.49269
17.5 1.48781
17.55 1.48172
17.6 1.47442
17.65 1.46594
17.7 1.45629
17.75 1.4455
17.8 1.4336
17.85 1.42062
17.9 1.40658
17.95 1.39153
18 1.37549
18.05 1.35852
18.1 1.34066
18.15 1.32194
18.2 1.30242
18.25 1.28214
18.3 1.26115
18.35 1.23952
18.4 1.21728
18.45 1.1945
18.5 1.17124
18.55 1.14755
18.6 1.12349
18.65 1.09912
18.7 1.0745
18.75 1.0497
18.8 1.02477
18.85 0.999778
18.9 0.974789
18.95 0.949862
19 0.925061
19.05 0.900448
19.1 0.876083
19.15 0.852028
19.2 0.828343
19.25 0.805086
19.3 0.782317
19.35 0.760092
19.4 0.738467
19.45 0.717496
19.5 0.69723
19.55 0.677721
19.6 0.659018
19.65 0.641167
19.7 0.624213
19.75 0.608199
19.8 0.593163
19.85 0.579145
19.9 0.566178
19.95 0.554296
20 0.543527
20.05 0.5339
20.1 0.525438
20.15 0.518162
20.2 0.51209
20.25 0.507237
20.3 0.503617
20.35 0.501237
20.4 0.500104
20.45 0.50022
20.5 0.501585
20.55 0.504196
20.6 0.508047
20.65 0.513127
20.7 0.519424
20.75 0.526922
20.8 0.535602
20.85 0.545444
20.9 0.556421
20.95 0.568507
21 0.581672
21.05 0.595883
21.1 0.611103
21.15 0.627295
21.2 0.644419
21.25 0.662432
21.3 0.681289
21.35 0.700942
21.4 0.721342
21.45 0.74244
21.5 0.76418
21.55 0.786511
21.6 0.809375
21.65 0.832715
21.7 0.856474
21.75 0.880591
21.8 0.905007
21.85 0.92966
21.9 0.954489
21.95 0.979432
22 1.00443
22.05 1.02941
22.1 1.05432
22.15 1.07909
22.2 1.10367
22.25 1.12799
22.3 1.15198
22.35 1.1756
22.4 1.19878
22.45 1.22146
22.5 1.24359
22.55 1.26511
22.6 1.28596
22.65 1.3061
22.7 1.32548
22.75 1.34404
22.8 1.36175
22.85 1.37855
22.9 1.3944
22.95 1.40927
23 1.42311
23.05 1.4359
23.1 1.44759
23.15 1.45817
23.2 1.4676
23.25 1.47587
23.3 1.48294
23.35 1.48881
23.4 1.49346
23.45 1.49687
23.5 1.49904
23.55 1.49996
23.6 1.49964
23.65 1.49806
23.7 1.49524
23.75 1.49118
23.8 1.4859
23.85 1.4794
23.9 1.4717
23.95 1.46282
24 1.45279
24.05 1.44162
24.1 1.42935
24.15 1.41601
24.2 1.40163
24.25 1.38624
24.3 1.36989
24.35 1.35261
24.4 1.33445
24.45 1.31546
24.5 1.29568
24.55 1.27516
24.6 1.25395
24.65 1.2321
24.7 1.20968
24.75 1.18673
24.8 1.16332
24.85 1.13949
24.9 1.11532
24.95 1.09086
25 1.06618
25.05 1.04132
25.1 1.01637
25.15 0.991371
25.2 0.966396
25.25 0.941505
25.3 0.91676
25.35 0.892223
25.4 0.867956
25.45 0.844018
25.5 0.820471
25.55 0.797372
25.6 0.77478
25.65 0.75275
25.7 0.731339
25.75 0.710599
25.8 0.690582
25.85 0.671339
25.9 0.652918
25.95 0.635364
26 0.618721
26.05 0.603031
26.1 0.588333
26.15 0.574665
26.2 0.562059
26.25 0.550549
26.3 0.540161
26.35 0.530923
26.4 0.522857
26.45 0.515984
26.5 0.510321
26.55 0.505882
26.6 0.502678
26.65 0.500716
26.7 0.500003
26.75 0.50054
26.8 0.502324
26.85 0.505353
26.9 0.509618
26.95 0.515109
27 0.521812
27.05 0.52971
27.1 0.538784
27.15 0.54901
27.2 0.560363
27.25 0.572816
27.3 0.586336
27.35 0.60089
27.4 0.616442
27.45 0.632952
27.5 0.65038
27.55 0.668682
27.6 0.687811
27.65 0.707722
27.7 0.728362
27.75 0.749682
27.8 0.771627
27.85 0.794143
27.9 0.817174
27.95 0.840661
28 0.864547
28.05 0.888772
28.1 0.913274
28.15 0.937993
28.2 0.962867
28.25 0.987834
28.3 1.01283
28.35 1.0378
28.4 1.06267
28.45 1.08738
28.5 1.11188
28.55 1.13609
28.6 1.15997
28.65 1.18345
28.7 1.20646
28.75 1.22897
28.8 1.25089
28.85 1.2722
28.9 1.29282
28.95 1.31271
29 1.33182
29.05 1.3501
29.1 1.3675
29.15 1.38399
29.2 1.39951
29.25 1.41404
29.3 1.42753
29.35 1.43995
29.4 1.45128
29.45 1.46147
29.5 1.47052
29.55 1.47838
29.6 1.48505
29.65 1.49051
29.7 1.49474
29.75 1.49774
29.8 1.49949
29.85 1.49999
29.9 1.49925
29.95 1.49725
30 1.49402
30.05 1.48954
30.1 1.48385
30.15 1.47694
30.2 1.46885
30.25 1.45958
30.3 1.44916
30.35 1.43762
30.4 1.42498
30.45 1.41129
30.5 1.39656
30.55 1.38085
30.6 1.36418
30.65 1.3466
30.7 1.32816
30.75 1.30889
30.8 1.28886
30.85 1.2681
30.9 1.24667
30.95 1.22463
31 1.20202
31.05 1.17891
31.1 1.15535
31.15 1.1314
31.2 1.10713
31.25 1.08258
31.3 1.05783
31.35 1.03294
31.4 1.00796
31.45 0.982967
31.5 0.958013
31.55 0.933164
31.6 0.908482
31.65 0.884029
31.7 0.859866
31.75 0.836053
31.8 0.81265
31.85 0.789715
31.9 0.767306
31.95 0.745478
32 0.724287
32.05 0.703784
32.1 0.684022
32.15 0.66505
32.2 0.646915
32.25 0.629663
32.3 0.613336
32.35 0.597976
32.4 0.58362
32.45 0.570306
32.5 0.558065
32.55 0.546929
32.6 0.536925
32.65 0.528079
32.7 0.520412
32.75 0.513944
32.8 0.508691
32.85 0.504666
32.9 0.501879
32.95 0.500337
33 0.500044
33.05 0.501001
33.1 0.503204
33.15 0.50665
33.2 0.511329
33.25 0.517229
33.3 0.524336
33.35 0.532631
33.4 0.542095
33.45 0.552704
33.5 0.56443
33.55 0.577245
33.6 0.591117
33.65 0.606011
33.7 0.621889
33.75 0.638713
33.8 0.656439
33.85 0.675025
33.9 0.694422
33.95 0.714584
34 0.735459
34.05 0.756995
34.1 0.779138
34.15 0.801834
34.2 0.825024
34.25 0.848652
34.3 0.872659
34.35 0.896984
34.4 0.921566
34.45 0.946344
34.5 0.971256
34.55 0.99624
34.6 1.02123
34.65 1.04617
34.7 1.071
34.75 1.09565
34.8 1.12006
34.85 1.14416
34.9 1.16791
34.95 1.19124
35 1.21409
35.05 1.23641
35.1 1.25813
35.15 1.27921
35.2 1.29959
35.25 1.31922
35.3 1.33806
35.35 1.35605
35.4 1.37315
35.45 1.38932
35.5 1.40451
35.55 1.41869
35.6 1.43183
35.65 1.44389
35.7 1.45483
35.75 1.46464
35.8 1.47329
35.85 1.48076
35.9 1.48702
35.95 1.49207
36 1.49589
36.05 1.49847
36.1 1.4998
36.15 1.49988
36.2 1.49872
36.25 1.4963
36.3 1.49265
36.35 1.48776
36.4 1.48166
36.45 1.47435
36.5 1.46586
36.55 1.4562
36.6 1.4454
36.65 1.43349
36.7 1.4205
36.75 1.40645
36.8 1.39139
36.85 1.37535
36.9 1.35837
36.95 1.34049
37 1.32177
37.05 1.30224
37.1 1.28195
37.15 1.26096
37.2 1.23932
37.25 1.21708
37.3 1.1943
37.35 1.17103
37.4 1.14734
37.45 1.12327
37.5 1.0989
37.55 1.07428
37.6 1.04947
37.65 1.02455
37.7 0.999556
37.75 0.974567
37.8 0.949641
37.85 0.924842
37.9 0.90023
37.95 0.875868
38 0.851816
38.05 0.828134
38.1 0.804882
38.15 0.782117
38.2 0.759898
38.25 0.738278
38.3 0.717312
38.35 0.697053
38.4 0.677552
38.45 0.658856
38.5 0.641013
38.55 0.624067
38.6 0.608061
38.65 0.593034
38.7 0.579025
38.75 0.566068
38.8 0.554195
38.85 0.543437
38.9 0.53382
38.95 0.525368
39 0.518102
39.05 0.512041
39.1 0.5072
39.15 0.50359
39.2 0.501221
39.25 0.500099
39.3 0.500226
39.35 0.501603
39.4 0.504225
39.45 0.508086
39.5 0.513177
39.55 0.519485
39.6 0.526994
39.65 0.535685
39.7 0.545536
39.75 0.556524
39.8 0.56862
39.85 0.581794
39.9 0.596013
39.95 0.611243
40 0.627443
40.05 0.644576
40.1 0.662596
40.15 0.68146
40.2 0.70112
40.25 0.721527
40.3 0.74263
40.35 0.764376
40.4 0.786712
40.45 0.80958
40.5 0.832924
40.55 0.856686
40.6 0.880807
40.65 0.905225
40.7 0.92988
40.75 0.95471
40.8 0.979653
40.85 1.00465
40.9 1.02963
40.95 1.05454
41 1.07931
41.05 1.10389
41.1 1.1282
41.15 1.15219
41.2 1.17581
41.25 1.19898
41.3 1.22166
41.35 1.24378
41.4 1.26529
41.45 1.28614
41.5 1.30628
41.55 1.32565
41.6 1.34421
41.65 1.3619
41.7 1.37869
41.75 1.39454
41.8 1.40939
41.85 1.42323
41.9 1.43601
41.95 1.44769
42 1.45826
42.05 1.46768
42.1 1.47594
42.15 1.483
42.2 1.48886
42.25 1.49349
42.3 1.4969
42.35 1.49905
42.4 1.49997
42.45 1.49963
42.5 1.49804
42.55 1.49521
42.6 1.49114
42.65 1.48585
42.7 1.47934
42.75 1.47163
42.8 1.46274
42.85 1.45269
42.9 1.44152
42.95 1.42924
43 1.41589
43.05 1.4015
43.1 1.3861
43.15 1.36974
43.2 1.35246
43.25 1.33429
43.3 1.31529
43.35 1.2955
43.4 1.27497
43.45 1.25376
43.5 1.23191
43.55 1.20948
43.6 1.18653
43.65 1.16311
43.7 1.13928
43.75 1.11511
43.8 1.09064
43.85 1.06596
43.9 1.0411
43.95 1.01615
44 0.991149
44.05 0.966174
44.1 0.941284
44.15 0.916541
44.2 0.892006
44.25 0.867742
44.3 0.843807
44.35 0.820264
44.4 0.797169
44.45 0.774581
44.5 0.752557
44.55 0.731152
44.6 0.710418
44.65 0.690408
44.7 0.671172
44.75 0.652758
44.8 0.635212
44.85 0.618577
44.9 0.602896
44.95 0.588208
45 0.574548
45.05 0.561952
45.1 0.550451
45.15 0.540074
45.2 0.530846
45.25 0.522791
45.3 0.515929
45.35 0.510276
45.4 0.505848
45.45 0.502655
45.5 0.500705
45.55 0.500002
45.6 0.50055
45.65 0.502346
45.7 0.505386
45.75 0.509662
45.8 0.515163
45.85 0.521877
45.9 0.529786
45.95 0.538869
46 0.549106
46.05 0.560469
46.1 0.572931
46.15 0.586461
46.2 0.601024
46.25 0.616584
46.3 0.633103
46.35 0.650539
46.4 0.668848
46.45 0.687985
46.5 0.707902
46.55 0.728549
46.6 0.749874
46.65 0.771825
46.7 0.794345
46.75 0.81738
46.8 0.840872
46.85 0.864761
46.9 0.888988
46.95 0.913493
47 0.938213
47.05 0.963089
47.1 0.988056
47.15 1.01305
47.2 1.03802
47.25 1.06289
47.3 1.0876
47.35 1.11209
47.4 1.13631
47.45 1.16018
47.5 1.18365
47.55 1.20667
47.6 1.22916
47.65 1.25109
47.7 1.27238
47.75 1.293
47.8 1.31288
47.85 1.33198
47.9 1.35025
47.95 1.36765
48 1.38413
48.05 1.39964
48.1 1.41416
48.15 1.42764
48.2 1.44006
48.25 1.45137
48.3 1.46156
48.35 1.47059
48.4 1.47845
48.45 1.48511
48.5 1.49055
48.55 1.49478
48.6 1.49776
48.65 1.4995
48.7 1.49999
48.75 1.49924
48.8 1.49723
48.85 1.49398
48.9 1.4895
48.95 1.48379
49 1.47688
49.05 1.46877
49.1 1.45949
49.15 1.44906
49.2 1.43751
49.25 1.42487
49.3 1.41116
49.35 1.39643
49.4 1.3807
49.45 1.36403
49.5 1.34644
49.55 1.32799
49.6 1.30872
49.65 1.28868
49.7 1.26791
49.75 1.24648
49.8 1.22443
49.85 1.20182
49.9 1.1787
49.95 1.15514
50 1.13119
50.05 1.10691
50.1 1.08236
50.15 1.05761
50.2 1.03272
50.25 1.00774
50.3 0.982745
50.35 0.957792
50.4 0.932944
50.45 0.908264
50.5 0.883813
50.55 0.859653
50.6 0.835843
50.65 0.812444
50.7 0.789514
50.75 0.767109
50.8 0.745287
50.85 0.724101
50.9 0.703605
50.95 0.68385
51 0.664885
51.05 0.646758
51.1 0.629514
51.15 0.613195
51.2 0.597844
51.25 0.583497
51.3 0.570192
51.35 0.557961
51.4 0.546835
51.45 0.536841
51.5 0.528005
51.55 0.520349
51.6 0.513892
51.65 0.50865
51.7 0.504636
51.75 0.50186
51.8 0.500329
51.85 0.500047
51.9 0.501015
51.95 0.50323
52 0.506686
52.05 0.511376
52.1 0.517287
52.15 0.524404
52.2 0.53271
52.25 0.542184
52.3 0.552803
52.35 0.564539
52.4 0.577364
52.45 0.591245
52.5 0.606147
52.55 0.622034
52.6 0.638866
52.65 0.656601
52.7 0.675194
52.75 0.694598
52.8 0.714766
52.85 0.735647
52.9 0.757189
52.95 0.779337
53 0.802037
53.05 0.825232
53.1 0.848864
53.15 0.872874
53.2 0.897201
53.25 0.921785
53.3 0.946565
53.35 0.971478
53.4 0.996462
53.45 1.02146
53.5 1.0464
53.55 1.07122
53.6 1.09587
53.65 1.12027
53.7 1.14438
53.75 1.16812
53.8 1.19145
53.85 1.21429
53.9 1.2366
53.95 1.25832
54 1.27939
54.05 1.29977
54.1 1.3194
54.15 1.33822
54.2 1.3562
54.25 1.3733
54.3 1.38945
54.35 1.40464
54.4 1.41881
54.45 1.43194
54.5 1.44399
54.55 1.45493
54.6 1.46473
54.65 1.47336
54.7 1.48082
54.75 1.48707
54.8 1.49211
54.85 1.49592
54.9 1.49848
54.95 1.49981
55 1.49988
55.05 1.4987
55.1 1.49628
55.15 1.49261
55.2 1.48772
55.25 1.4816
55.3 1.47428
55.35 1.46578
55.4 1.45611
55.45 1.4453
55.5 1.43338
55.55 1.42038
55.6 1.40632
55.65 1.39125
55.7 1.3752
55.75 1.35821
55.8 1.34033
55.85 1.3216
55.9 1.30206
55.95 1.28177
56 1.26078
56.05 1.23913
56.1 1.21688
56.15 1.1941
56.2 1.17082
56.25 1.14712
56.3 1.12306
56.35 1.09868
56.4 1.07406
56.45 1.04925
56.5 1.02432
56.55 0.999334
56.6 0.974345
56.65 0.949421
56.7 0.924622
56.75 0.900013
56.8 0.875653
56.85 0.851604
56.9 0.827926
56.95 0.804677
57 0.781918
57.05 0.759703
57.1 0.738089
57.15 0.717129
57.2 0.696877
57.25 0.677382
57.3 0.658694
57.35 0.640858
57.4 0.623921
57.45 0.607923
57.5 0.592905
57.55 0.578905
57.6 0.565957
57.65 0.554095
57.7 0.543346
57.75 0.533739
57.8 0.525298
57.85 0.518043
57.9 0.511993
57.95 0.507162
58 0.503564
58.05 0.501206
58.1 0.500095
58.15 0.500233
58.2 0.501621
58.25 0.504254
58.3 0.508126
58.35 0.513228
58.4 0.519546
58.45 0.527066
58.5 0.535767
58.55 0.545629
58.6 0.556626
58.65 0.568732
58.7 0.581916
58.75 0.596144
58.8 0.611382
58.85 0.627592
58.9 0.644732
58.95 0.66276
59 0.681631
59.05 0.701298
59.1 0.721711
59.15 0.74282
59.2 0.764572
59.25 0.786912
59.3 0.809785
59.35 0.833134
59.4 0.856899
59.45 0.881022
59.5 0.905443
59.55 0.9301
59.6 0.954931
59.65 0.979875
59.7 1.00487
59.75 1.02985
59.8 1.05476
59.85 1.07953
59.9 1.1041
59.95 1.12841
60 1.15241
60.05 1.17602
60.1 1.19919
60.15 1.22186
60.2 1.24397
60.25 1.26548
60.3 1.28633
60.35 1.30646
60.4 1.32582
60.45 1.34437
60.5 1.36205
60.55 1.37884
60.6 1.39467
60.65 1.40952
60.7 1.42335
60.75 1.43611
60.8 1.44779
60.85 1.45835
60.9 1.46776
60.95 1.47601
61 1.48306
61.05 1.48891
61.1 1.49353
61.15 1.49692
61.2 1.49907
61.25 1.49997
61.3 1.49962
61.35 1.49802
61.4 1.49518
61.45 1.4911
61.5 1.48579
61.55 1.47927
61.6 1.47155
61.65 1.46266
61.7 1.4526
61.75 1.44141
61.8 1.42913
61.85 1.41576
61.9 1.40136
61.95 1.38596
62 1.36959
62.05 1.3523
62.1 1.33412
62.15 1.31512
62.2 1.29532
62.25 1.27479
62.3 1.25357
62.35 1.23171
62.4 1.20928
62.45 1.18632
62.5 1.1629
62.55 1.13907
62.6 1.11489
62.65 1.09043
62.7 1.06574
62.75 1.04088
62.8 1.01592
62.85 0.990927
62.9 0.965953
62.95 0.941064
63 0.916322
63.05 0.89179
63.1 0.867527
63.15 0.843596
63.2 0.820056
63.25 0.796966
63.3 0.774383
63.35 0.752364
63.4 0.730964
63.45 0.710237
63.5 0.690234
63.55 0.671005
63.6 0.652598
63.65 0.63506
63.7 0.618434
63.75 0.602761
63.8 0.588082
63.85 0.574432
63.9 0.561845
63.95 0.550354
64 0.539987
64.05 0.53077
64.1 0.522725
64.15 0.515873
64.2 0.510232
64.25 0.505814
64.3 0.502632
64.35 0.500693
64.4 0.500002
64.45 0.50056
64.5 0.502367
64.55 0.505418
64.6 0.509705
64.65 0.515218
64.7 0.521942
64.75 0.529861
64.8 0.538955
64.85 0.549202
64.9 0.560575
64.95 0.573047
65 0.586586
65.05 0.601158
65.1 0.616727
65.15 0.633254
65.2 0.650698
65.25 0.669014
65.3 0.688158
65.35 0.708082
65.4 0.728735
65.45 0.750066
65.5 0.772022
65.55 0.794548
65.6 0.817587
65.65 0.841082
65.7 0.864975
65.75 0.889205
65.8 0.913711
65.85 0.938434
65.9 0.96331
65.95 0.988278
66 1.01328
66.05 1.03824
66.1 1.06311
66.15 1.08782
66.2 1.11231
66.25 1.13652
66.3 1.16039
66.35 1.18386
66.4 1.20687
66.45 1.22936
66.5 1.25128
66.55 1.27257
66.6 1.29318
66.65 1.31305
66.7 1.33215
66.75 1.35041
66.8 1.3678
66.85 1.38427
66.9 1.39978
66.95 1.41429
67 1.42776
67.05 1.44016
67.1 1.45147
67.15 1.46164
67.2 1.47067
67.25 1.47851
67.3 1.48516
67.35 1.4906
67.4 1.49481
67.45 1.49778
67.5 1.49951
67.55 1.49999
67.6 1.49922
67.65 1.49721
67.7 1.49395
67.75 1.48945
67.8 1.48374
67.85 1.47681
67.9 1.46869
67.95 1.4594
68 1.44896
68.05 1.4374
68.1 1.42475
68.15 1.41104
68.2 1.39629
68.25 1.38056
68.3 1.36388
68.35 1.34628
68.4 1.32782
68.45 1.30854
68.5 1.28849
68.55 1.26772
68.6 1.24628
68.65 1.22423
68.7 1.20161
68.75 1.17849
68.8 1.15493
68.85 1.13097
68.9 1.10669
68.95 1.08215
69 1.05739
69.05 1.0325
69.1 1.00752
69.15 0.982523
69.2 0.95757
69.25 0.932724
69.3 0.908046
69.35 0.883597
69.4 0.85944
69.45 0.835634
69.5 0.812238
69.55 0.789312
69.6 0.766913
69.65 0.745096
69.7 0.723916
69.75 0.703427
69.8 0.683678
69.85 0.664721
69.9 0.646601
69.95 0.629365
70 0.613055
70.05 0.597712
70.1 0.583375
70.15 0.570079
70.2 0.557857
70.25 0.546741
70.3 0.536758
70.35 0.527932
70.4 0.520287
70.45 0.51384
70.5 0.508609
70.55 0.504606
70.6 0.501841
70.65 0.500321
70.7 0.50005
70.75 0.501029
70.8 0.503255
70.85 0.506722
70.9 0.511423
70.95 0.517345
71 0.524473
71.05 0.532789
71.1 0.542274
71.15 0.552902
71.2 0.564648
71.25 0.577482
71.3 0.591373
71.35 0.606284
71.4 0.62218
71.45 0.63902
71.5 0.656762
71.55 0.675362
71.6 0.694774
71.65 0.714949
71.7 0.735836
71.75 0.757383
71.8 0.779537
71.85 0.802241
71.9 0.82544
71.95 0.849076
72 0.873088
72.05 0.897418
72.1 0.922004
72.15 0.946785
72.2 0.9717
72.25 0.996685
72.3 1.02168
72.35 1.04662
72.4 1.07144
72.45 1.09608
72.5 1.12049
72.55 1.14459
72.6 1.16833
72.65 1.19165
72.7 1.21449
72.75 1.2368
72.8 1.25851
72.85 1.27958
72.9 1.29995
72.95 1.31957
73 1.33839
73.05 1.35636
73.1 1.37344
73.15 1.38959
73.2 1.40477
73.25 1.41893
73.3 1.43205
73.35 1.44409
73.4 1.45502
73.45 1.46481
73.5 1.47344
73.55 1.48088
73.6 1.48712
73.65 1.49215
73.7 1.49595
73.75 1.4985
73.8 1.49981
73.85 1.49987
73.9 1.49868
73.95 1.49625
74 1.49257
74.05 1.48767
74.1 1.48154
74.15 1.47421
74.2 1.4657
74.25 1.45602
74.3 1.4452
74.35 1.43327
74.4 1.42025
74.45 1.40619
74.5 1.39111
74.55 1.37505
74.6 1.35806
74.65 1.34017
74.7 1.32143
74.75 1.30189
74.8 1.28159
74.85 1.26059
74.9 1.23893
74.95 1.21668
75 1.19389
75.05 1.17061
75.1 1.14691
75.15 1.12284
75.2 1.09846
75.25 1.07384
75.3 1.04903
75.35 1.0241
75.4 0.999112
75.45 0.974123
75.5 0.9492
75.55 0.924403
75.6 0.899795
75.65 0.875438
75.7 0.851392
75.75 0.827717
75.8 0.804473
75.85 0.781718
75.9 0.759508
75.95 0.7379
76 0.716946
76.05 0.6967
76.1 0.677212
76.15 0.658531
76.2 0.640704
76.25 0.623774
76.3 0.607785
76.35 0.592776
76.4 0.578785
76.45 0.565847
76.5 0.553994
76.55 0.543256
76.6 0.533659
76.65 0.525228
76.7 0.517984
76.75 0.511945
76.8 0.507125
76.85 0.503537
76.9 0.50119
76.95 0.50009
77 0.50024
77.05 0.501639
77.1 0.504283
77.15 0.508166
77.2 0.513279
77.25 0.519608
77.3 0.527138
77.35 0.53585
77.4 0.545722
77.45 0.556729
77.5 0.568844
77.55 0.582037
77.6 0.596275
77.65 0.611522
77.7 0.62774
77.75 0.644888
77.8 0.662924
77.85 0.681802
77.9 0.701476
77.95 0.721896
78 0.743011
78.05 0.764768
78.1 0.787113
78.15 0.809991
78.2 0.833343
78.25 0.857112
78.3 0.881238
78.35 0.905661
78.4 0.930319
78.45 0.955152
78.5 0.980097
78.55 1.00509
78.6 1.03007
78.65 1.05498
78.7 1.07975
78.75 1.10432
78.8 1.12863
78.85 1.15262
78.9 1.17622
78.95 1.19939
79 1.22206
79.05 1.24417
79.1 1.26567
79.15 1.28651
79.2 1.30663
79.25 1.32599
79.3 1.34453
79.35 1.36221
79.4 1.37898
79.45 1.39481
79.5 1.40965
79.55 1.42346
79.6 1.43622
79.65 1.44789
79.7 1.45844
79.75 1.46784
79.8 1.47607
79.85 1.48312
79.9 1.48895
79.95 1.49356
80 1.49694
80.05 1.49908
80.1 1.49997
80.15 1.49961
80.2 1.498
80.25 1.49515
80.3 1.49106
80.35 1.48574
80.4 1.47921
80.45 1.47148
80.5 1.46257
80.55 1.45251
80.6 1.44131
80.65 1.42901
80.7 1.41564
80.75 1.40123
80.8 1.38582
80.85 1.36944
80.9 1.35214
80.95 1.33396
81 1.31494
81.05 1.29514
81.1 1.2746
81.15 1.25337
81.2 1.23151
81.25 1.20908
81.3 1.18611
81.35 1.16269
81.4 1.13885
81.45 1.11467
81.5 1.09021
81.55 1.06552
81.6 1.04066
81.65 1.0157
81.7 0.990705
81.75 0.965731
81.8 0.940843
81.85 0.916103
81.9 0.891573
81.95 0.867313
82 0.843386
82.05 0.819849
82.1 0.796763
82.15 0.774185
82.2 0.752172
82.25 0.730777
82.3 0.710056
82.35 0.69006
82.4 0.670838
82.45 0.652438
82.5 0.634908
82.55 0.61829
82.6 0.602626
82.65 0.587956
82.7 0.574315
82.75 0.561738
82.8 0.550257
82.85 0.5399
82.9 0.530693
82.95 0.522659
83 0.515818
83.05 0.510187
83.1 0.50578
83.15 0.502609
83.2 0.500681
83.25 0.500001
83.3 0.500571
83.35 0.502389
83.4 0.505451
83.45 0.509749
83.5 0.515272
83.55 0.522007
83.6 0.529937
83.65 0.539041
83.7 0.549298
83.75 0.560681
83.8 0.573162
83.85 0.586711
83.9 0.601292
83.95 0.616869
84 0.633405
84.05 0.650856
84.1 0.669181
84.15 0.688332
84.2 0.708262
84.25 0.728922
84.3 0.750259
84.35 0.77222
84.4 0.79475
84.45 0.817794
84.5 0.841293
84.55 0.865188
84.6 0.889421
84.65 0.91393
84.7 0.938654
84.75 0.963532
84.8 0.9885
84.85 1.0135
84.9 1.03846
84.95 1.06333
85 1.08804
85.05 1.11253
85.1 1.13673
85.15 1.1606
85.2 1.18407
85.25 1.20707
85.3 1.22956
85.35 1.25147
85.4 1.27276
85.45 1.29336
85.5 1.31323
85.55 1.33231
85.6 1.35057
85.65 1.36795
85.7 1.38441
85.75 1.39991
85.8 1.41441
85.85 1.42787
85.9 1.44027
85.95 1.45156
86 1.46173
86.05 1.47074
86.1 1.47858
86.15 1.48521
86.2 1.49064
86.25 1.49484
86.3 1.4978
86.35 1.49952
86.4 1.49999
86.45 1.49921
86.5 1.49718
86.55 1.49391
86.6 1.48941
86.65 1.48368
86.7 1.47674
86.75 1.46861
86.8 1.45931
86.85 1.44887
86.9 1.4373
86.95 1.42463
87 1.41091
87.05 1.39616
87.1 1.38042
87.15 1.36372
87.2 1.34612
87.25 1.32766
87.3 1.30837
87.35 1.28831
87.4 1.26754
87.45 1.24609
87.5 1.22403
87.55 1.20141
87.6 1.17829
87.65 1.15472
87.7 1.13076
87.75 1.10648
87.8 1.08193
87.85 1.05717
87.9 1.03227
87.95 1.0073
88 0.982301
88.05 0.957349
88.1 0.932504
88.15 0.907827
88.2 0.883381
88.25 0.859227
88.3 0.835424
88.35 0.812032
88.4 0.789111
88.45 0.766716
88.5 0.744905
88.55 0.723731
88.6 0.703248
88.65 0.683506
88.7 0.664556
88.75 0.646444
88.8 0.629216
88.85 0.612914
88.9 0.59758
88.95 0.583252
89 0.569965
89.05 0.557754
89.1 0.546647
89.15 0.536674
89.2 0.527859
89.25 0.520224
89.3 0.513788
89.35 0.508568
89.4 0.504576
89.45 0.501822
89.5 0.500313
89.55 0.500053
89.6 0.501043
89.65 0.50328
89.7 0.506759
89.75 0.51147
89.8 0.517403
89.85 0.524541
89.9 0.532868
89.95 0.542363
90 0.553002
90.05 0.564757
90.1 0.577601
90.15 0.591501
90.2 0.606421
90.25 0.622325
90.3 0.639174
90.35 0.656924
90.4 0.675531
90.45 0.69495
90.5 0.715131
90.55 0.736024
90.6 0.757577
90.65 0.779736
90.7 0.802445
90.75 0.825648
90.8 0.849287
90.85 0.873303
90.9 0.897635
90.95 0.922224
91 0.947006
91.05 0.971921
91.1 0.996907
91.15 1.0219
91.2 1.04684
91.25 1.07166
91.3 1.0963
91.35 1.1207
91.4 1.1448
91.45 1.16854
91.5 1.19186
91.55 1.21469
91.6 1.23699
91.65 1.2587
91.7 1.27976
91.75 1.30012
91.8 1.31974
91.85 1.33855
91.9 1.35652
91.95 1.37359
92 1.38973
92.05 1.4049
92.1 1.41906
92.15 1.43216
92.2 1.44419
92.25 1.45511
92.3 1.46489
92.35 1.47351
92.4 1.48094
92.45 1.48717
92.5 1.49219
92.55 1.49597
92.6 1.49852
92.65 1.49982
92.7 1.49987
92.75 1.49867
92.8 1.49622
92.85 1.49253
92.9 1.48762
92.95 1.48148
93 1.47414
93.05 1.46562
93.1 1.45593
93.15 1.4451
93.2 1.43316
93.25 1.42013
93.3 1.40606
93.35 1.39097
93.4 1.37491
93.45 1.3579
93.5 1.34001
93.55 1.32126
93.6 1.30171
93.65 1.2814
93.7 1.2604
93.75 1.23874
93.8 1.21648
93.85 1.19369
93.9 1.17041
93.95 1.1467
94 1.12263
94.05 1.09825
94.1 1.07362
94.15 1.04881
94.2 1.02388
94.25 0.99889
94.3 0.973902
94.35 0.948979
94.4 0.924183
94.45 0.899578
94.5 0.875223
94.55 0.85118
94.6 0.827509
94.65 0.804269
94.7 0.781518
94.75 0.759314
94.8 0.737711
94.85 0.716763
94.9 0.696524
94.95 0.677043
95 0.658369
95.05 0.640549
95.1 0.623628
95.15 0.607647
95.2 0.592647
95.25 0.578666
95.3 0.565737
95.35 0.553894
95.4 0.543166
95.45 0.533579
95.5 0.525159
95.55 0.517925
95.6 0.511896
95.65 0.507088
95.7 0.503511
95.75 0.501175
95.8 0.500086
95.85 0.500247
95.9 0.501657
95.95 0.504312
96 0.508206
96.05 0.51333
96.1 0.51967
96.15 0.52721
96.2 0.535932
96.25 0.545814
96.3 0.556832
96.35 0.568957
96.4 0.582159
96.45 0.596406
96.5 0.611662
96.55 0.627888
96.6 0.645044
96.65 0.663088
96.7 0.681974
96.75 0.701654
96.8 0.72208
96.85 0.743201
96.9 0.764964
96.95 0.787314
97 0.810196
97.05 0.833552
97.1 0.857325
97.15 0.881454
97.2 0.905879
97.25 0.930539
97.3 0.955373
97.35 0.980319
97.4 1.00531
97.45 1.0303
97.5 1.0552
97.55 1.07997
97.6 1.10454
97.65 1.12884
97.7 1.15283
97.75 1.17643
97.8 1.19959
97.85 1.22226
97.9 1.24436
97.95 1.26586
98 1.28669
98.05 1.30681
98.1 1.32615
98.15 1.34469
98.2 1.36236
98.25 1.37913
98.3 1.39494
98.35 1.40978
98.4 1.42358
98.45 1.43633
98.5 1.44799
98.55 1.45853
98.6 1.46792
98.65 1.47614
98.7 1.48317
98.75 1.489
98.8 1.4936
98.85 1.49697
98.9 1.4991
98.95 1.49997
99 1.4996
99.05 1.49798
99.1 1.49512
99.15 1.49102
99.2 1.48569
99.25 1.47915
99.3 1.47141
99.35 1.46249
99.4 1.45241
99.45 1.44121
99.5 1.4289
99.55 1.41552
99.6 1.4011
99.65 1.38568
99.7 1.36929
99.75 1.35198
99.8 1.33379
99.85 1.31477
99.9 1.29496
99.95 1.27442
100 1.25318
100.05 1.23132
100.1 1.20887
100.15 1.18591
100.2 1.16248
100.25 1.13864
100.3 1.11446
100.35 1.08999
100.4 1.0653
100.45 1.04044
100.5 1.01548
100.55 0.990483
100.6 0.96551
100.65 0.940623
100.7 0.915884
100.75 0.891356
100.8 0.867099
100.85 0.843175
100.9 0.819642
100.95 0.79656
101 0.773987
101.05 0.751979
101.1 0.73059
101.15 0.709875
101.2 0.689885
101.25 0.670671
101.3 0.652279
101.35 0.634756
101.4 0.618147
101.45 0.602492
101.5 0.58783
101.55 0.574199
101.6 0.561632
101.65 0.55016
101.7 0.539813
101.75 0.530616
101.8 0.522593
101.85 0.515762
101.9 0.510142
101.95 0.505747
102 0.502587
102.05 0.50067
102.1 0.500001
102.15 0.500582
102.2 0.502411
102.25 0.505484
102.3 0.509793
102.35 0.515327
102.4 0.522072
102.45 0.530012
102.5 0.539127
102.55 0.549394
102.6 0.560787
102.65 0.573278
102.7 0.586836
102.75 0.601426
102.8 0.617012
102.85 0.633556
102.9 0.651015
102.95 0.669347
103 0.688506
103.05 0.708443
103.1 0.729108
103.15 0.750451
103.2 0.772417
103.25 0.794953
103.3 0.818001
103.35 0.841503
103.4 0.865402
103.45 0.889638
103.5 0.914149
103.55 0.938875
103.6 0.963753
103.65 0.988722
103.7 1.01372
103.75 1.03868
103.8 1.06355
103.85 1.08826
103.9 1.11274
103.95 1.13695
104 1.16081
104.05 1.18427
104.1 1.20727
104.15 1.22975
104.2 1.25166
104.25 1.27294
104.3 1.29354
104.35 1.3134
104.4 1.33248
104.45 1.35073
104.5 1.3681
104.55 1.38455
104.6 1.40004
104.65 1.41454
104.7 1.42799
104.75 1.44037
104.8 1.45166
104.85 1.46181
104.9 1.47082
104.95 1.47864
105 1.48527
105.05 1.49068
105.1 1.49487
105.15 1.49782
105.2 1.49953
105.25 1.49999
105.3 1.4992
105.35 1.49716
105.4 1.49388
105.45 1.48936
105.5 1.48362
105.55 1.47668
105.6 1.46854
105.65 1.45923
105.7 1.44877
105.75 1.43719
105.8 1.42452
105.85 1.41078
105.9 1.39602
105.95 1.38027
106 1.36357
106.05 1.34596
106.1 1.32749
106.15 1.3082
106.2 1.28813
106.25 1.26735
106.3 1.2459
106.35 1.22383
106.4 1.20121
106.45 1.17808
106.5 1.1545
106.55 1.13054
106.6 1.10626
106.65 1.08171
106.7 1.05695
106.75 1.03205
106.8 1.00707
106.85 0.982079
106.9 0.957128
106.95 0.932284
107 0.907609
107.05 0.883165
107.1 0.859014
107.15 0.835214
107.2 0.811827
107.25 0.78891
107.3 0.76652
107.35 0.744714
107.4 0.723546
107.45 0.703069
107.5 0.683335
107.55 0.664391
107.6 0.646287
107.65 0.629067
107.7 0.612774
107.75 0.597448
107.8 0.583129
107.85 0.569852
107.9 0.55765
107.95 0.546554
108 0.536591
108.05 0.527786
108.1 0.520162
108.15 0.513737
108.2 0.508527
108.25 0.504546
108.3 0.501803
108.35 0.500305
108.4 0.500057
108.45 0.501058
108.5 0.503306
108.55 0.506795
108.6 0.511518
108.65 0.517461
108.7 0.52461
108.75 0.532948
108.8 0.542453
108.85 0.553101
108.9 0.564867
108.95 0.57772
109 0.591629
109.05 0.606558
109.1 0.622471
109.15 0.639327
109.2 0.657085
109.25 0.6757
109.3 0.695126
109.35 0.715314
109.4 0.736213
109.45 0.757771
109.5 0.779935
109.55 0.802649
109.6 0.825857
109.65 0.849499
109.7 0.873518
109.75 0.897853
109.8 0.922443
109.85 0.947227
109.9 0.972143
109.95 0.997129
110 1.02212
110.05 1.04706
110.1 1.07188
110.15 1.09652
110.2 1.12092
110.25 1.14501
110.3 1.16875
110.35 1.19206
110.4 1.21489
110.45 1.23719
110.5 1.25889
110.55 1.27995
110.6 1.3003
110.65 1.31991
110.7 1.33871
110.75 1.35667
110.8 1.37374
110.85 1.38987
110.9 1.40503
110.95 1.41918
111 1.43228
111.05 1.44429
111.1 1.4552
111.15 1.46497
111.2 1.47358
111.25 1.481
111.3 1.48722
111.35 1.49223
111.4 1.496
111.45 1.49854
111.5 1.49982
111.55 1.49986
111.6 1.49865
111.65 1.49619
111.7 1.4925
111.75 1.48757
111.8 1.48142
111.85 1.47407
111.9 1.46554
111.95 1.45584
112 1.445
112.05 1.43305
112.1 1.42001
112.15 1.40593
112.2 1.39083
112.25 1.37476
112.3 1.35775
112.35 1.33984
112.4 1.32109
112.45 1.30153
112.5 1.28122
112.55 1.26021
112.6 1.23854
112.65 1.21628
112.7 1.19348
112.75 1.1702
112.8 1.14649
112.85 1.12241
112.9 1.09803
112.95 1.0734
113 1.04859
113.05 1.02366
113.1 0.998668
113.15 0.97368
113.2 0.948758
113.25 0.923964
113.3 0.89936
113.35 0.875008
113.4 0.850968
113.45 0.8273
113.5 0.804064
113.55 0.781318
113.6 0.759119
113.65 0.737522
113.7 0.71658
113.75 0.696347
113.8 0.676873
113.85 0.658207
113.9 0.640395
113.95 0.623482
114 0.60751
114.05 0.592519
114.1 0.578546
114.15 0.565627
114.2 0.553794
114.25 0.543075
114.3 0.533499
114.35 0.525089
114.4 0.517866
114.45 0.511848
114.5 0.50705
114.55 0.503485
114.6 0.50116
114.65 0.500082
114.7 0.500254
114.75 0.501675
114.8 0.504341
114.85 0.508246
114.9 0.513381
114.95 0.519731
115 0.527282
115.05 0.536015
115.1 0.545907
115.15 0.556935
115.2 0.569069
115.25 0.582281
115.3 0.596537
115.35 0.611802
115.4 0.628036
115.45 0.645201
115.5 0.663252
115.55 0.682145
115.6 0.701832
115.65 0.722265
115.7 0.743392
115.75 0.76516
115.8 0.787515
115.85 0.810402
115.9 0.833762
115.95 0.857538
116 0.881669
116.05 0.906097
116.1 0.930759
116.15 0.955594
116.2 0.980541
116.25 1.00554
116.3 1.03052
116.35 1.05542
116.4 1.08019
116.45 1.10475
116.5 1.12906
116.55 1.15304
116.6 1.17664
116.65 1.1998
116.7 1.22245
116.75 1.24456
116.8 1.26605
116.85 1.28687
116.9 1.30698
116.95 1.32632
117 1.34485
117.05 1.36251
117.1 1.37927
117.15 1.39508
117.2 1.4099
117.25 1.4237
117.3 1.43644
117.35 1.44809
117.4 1.45862
117.45 1.468
117.5 1.47621
117.55 1.48323
117.6 1.48904
117.65 1.49364
117.7 1.49699
117.75 1.49911
117.8 1.49998
117.85 1.49959
117.9 1.49796
117.95 1.49509
118 1.49098
118.05 1.48564
118.1 1.47908
118.15 1.47133
118.2 1.4624
118.25 1.45232
118.3 1.4411
118.35 1.42878
118.4 1.41539
118.45 1.40097
118.5 1.38554
118.55 1.36914
118.6 1.35182
118.65 1.33363
118.7 1.3146
118.75 1.29478
118.8 1.27423
118.85 1.25299
118.9 1.23112
118.95 1.20867
119 1.1857
119.05 1.16227
119.1 1.13843
119.15 1.11424
119.2 1.08977
119.25 1.06508
119.3 1.04022
119.35 1.01526
119.4 0.990261
119.45 0.965288
119.5 0.940402
119.55 0.915666
119.6 0.891139
119.65 0.866885
119.7 0.842964
119.75 0.819435
119.8 0.796358
119.85 0.773789
119.9 0.751786
119.95 0.730403
120 0.709694
120.05 0.689711
120.1 0.670503
120.15 0.652119
120.2 0.634605
120.25 0.618004
120.3 0.602357
120.35 0.587704
120.4 0.574082
120.45 0.561525
120.5 0.550063
120.55 0.539726
120.6 0.53054
120.65 0.522527
120.7 0.515707
120.75 0.510098
120.8 0.505713
120.85 0.502564
120.9 0.500658
120.95 0.5
121 0.500592
121.05 0.502433
121.1 0.505516
121.15 0.509836
121.2 0.515381
121.25 0.522138
121.3 0.530088
121.35 0.539213
121.4 0.54949
121.45 0.560893
121.5 0.573394
121.55 0.586961
121.6 0.60156
121.65 0.617155
121.7 0.633707
121.75 0.651175
121.8 0.669514
121.85 0.688679
121.9 0.708623
121.95 0.729295
122 0.750643
122.05 0.772615
122.1 0.795155
122.15 0.818207
122.2 0.841714
122.25 0.865616
122.3 0.889854
122.35 0.914368
122.4 0.939095
122.45 0.963974
122.5 0.988944
122.55 1.01394
122.6 1.0389
122.65 1.06377
122.7 1.08847
122.75 1.11296
122.8 1.13716
122.85 1.16102
122.9 1.18448
122.95 1.20747
123 1.22995
123.05 1.25185
123.1 1.27313
123.15 1.29372
123.2 1.31357
123.25 1.33265
123.3 1.35089
123.35 1.36825
123.4 1.3847
123.45 1.40018
123.5 1.41466
123.55 1.4281
123.6 1.44048
123.65 1.45175
123.7 1.4619
123.75 1.47089
123.8 1.4787
123.85 1.48532
123.9 1.49073
123.95 1.4949
124 1.49784
124.05 1.49954
124.1 1.49999
124.15 1.49919
124.2 1.49714
124.25 1.49384
124.3 1.48932
124.35 1.48357
124.4 1.47661
124.45 1.46846
124.5 1.45914
124.55 1.44867
124.6 1.43708
124.65 1.4244
124.7 1.41066
124.75 1.39589
124.8 1.38013
124.85 1.36342
124.9 1.3458
124.95 1.32732
125 1.30802
125.05 1.28795
125.1 1.26716
125.15 1.2457
125.2 1.22363
125.25 1.201
125.3 1.17787
125.35 1.15429
125.4 1.13033
125.45 1.10604
125.5 1.08149
125.55 1.05673
125.6 1.03183
125.65 1.00685
125.7 0.981857
125.75 0.956907
125.8 0.932064
125.85 0.907391
125.9 0.882949
125.95 0.858801
126 0.835005
126.05 0.811621
126.1 0.788708
126.15 0.766324
126.2 0.744523
126.25 0.723361
126.3 0.702891
126.35 0.683163
126.4 0.664227
126.45 0.64613
126.5 0.628918
126.55 0.612633
126.6 0.597317
126.65 0.583007
126.7 0.569739
126.75 0.557547
126.8 0.54646
126.85 0.536507
126.9 0.527713
126.95 0.520099
127 0.513685
127.05 0.508486
127.1 0.504516
127.15 0.501784
127.2 0.500298
127.25 0.50006
127.3 0.501072
127.35 0.503331
127.4 0.506832
127.45 0.511565
127.5 0.517519
127.55 0.524679
127.6 0.533027
127.65 0.542542
127.7 0.553201
127.75 0.564976
127.8 0.577839
127.85 0.591757
127.9 0.606695
127.95 0.622617
128 0.639481
128.05 0.657247
128.1 0.675869
128.15 0.695302
128.2 0.715496
128.25 0.736401
128.3 0.757966
128.35 0.780135
128.4 0.802853
128.45 0.826065
128.5 0.849711
128.55 0.873733
128.6 0.89807
128.65 0.922662
128.7 0.947448
128.75 0.972365
128.8 0.997351
128.85 1.02234
128.9 1.04728
128.95 1.0721
129 1.09674
129.05 1.12113
129.1 1.14523
129.15 1.16896
129.2 1.19227
129.25 1.21509
129.3 1.23738
129.35 1.25908
129.4 1.28013
129.45 1.30048
129.5 1.32008
129.55 1.33888
129.6 1.35683
129.65 1.37389
129.7 1.39001
129.75 1.40516
129.8 1.4193
129.85 1.43239
129.9 1.4444
129.95 1.45529
130 1.46505
130.05 1.47365
130.1 1.48106
130.15 1.48727
130.2 1.49227
130.25 1.49603
130.3 1.49855
130.35 1.49983
130.4 1.49986
130.45 1.49864
130.5 1.49617
130.55 1.49246
130.6 1.48752
130.65 1.48136
130.7 1.474
130.75 1.46545
130.8 1.45574
130.85 1.4449
130.9 1.43294
130.95 1.41989
131 1.4058
131.05 1.3907
131.1 1.37461
131.15 1.35759
131.2 1.33968
131.25 1.32092
131.3 1.30135
131.35 1.28104
131.4 1.26002
131.45 1.23835
131.5 1.21608
131.55 1.19328
131.6 1.16999
131.65 1.14627
131.7 1.1222
131.75 1.09781
131.8 1.07318
131.85 1.04837
131.9 1.02344
131.95 0.998446
132 0.973458
132.05 0.948537
132.1 0.923744
132.15 0.899143
132.2 0.874793
132.25 0.850756
132.3 0.827092
132.35 0.80386
132.4 0.781119
132.45 0.758924
132.5 0.737333
132.55 0.716397
132.6 0.696171
132.65 0.676704
132.7 0.658045
132.75 0.640241
132.8 0.623336
132.85 0.607372
132.9 0.59239
132.95 0.578427
133 0.565517
133.05 0.553693
133.1 0.542985
133.15 0.53342
133.2 0.52502
133.25 0.517807
133.3 0.5118
133.35 0.507013
133.4 0.503459
133.45 0.501145
133.5 0.500078
133.55 0.500261
133.6 0.501693
133.65 0.50437
133.7 0.508286
133.75 0.513432
133.8 0.519793
133.85 0.527355
133.9 0.536098
133.95 0.546
134 0.557038
134.05 0.569182
134.1 0.582403
134.15 0.596668
134.2 0.611942
134.25 0.628185
134.3 0.645357
134.35 0.663416
134.4 0.682316
134.45 0.702011
134.5 0.72245
134.55 0.743582
134.6 0.765356
134.65 0.787716
134.7 0.810607
134.75 0.833971
134.8 0.85775
134.85 0.881885
134.9 0.906315
134.95 0.930979
135 0.955816
135.05 0.980763
135.1 1.00576
135.15 1.03074
135.2 1.05564
135.25 1.08041
135.3 1.10497
135.35 1.12927
135.4 1.15325
135.45 1.17685
135.5 1.2
135.55 1.22265
135.6 1.24475
135.65 1.26623
135.7 1.28705
135.75 1.30716
135.8 1.32649
135.85 1.34501
135.9 1.36267
135.95 1.37942
136 1.39522
136.05 1.41003
136.1 1.42382
136.15 1.43655
136.2 1.44819
136.25 1.4587
136.3 1.46808
136.35 1.47628
136.4 1.48329
136.45 1.48909
136.5 1.49367
136.55 1.49702
136.6 1.49912
136.65 1.49998
136.7 1.49959
136.75 1.49794
136.8 1.49506
136.85 1.49093
136.9 1.48558
136.95 1.47902
137 1.47126
137.05 1.46232
137.1 1.45222
137.15 1.441
137.2 1.42867
137.25 1.41527
137.3 1.40083
137.35 1.38539
137.4 1.36899
137.45 1.35167
137.5 1.33346
137.55 1.31443
137.6 1.2946
137.65 1.27404
137.7 1.2528
137.75 1.23092
137.8 1.20847
137.85 1.1855
137.9 1.16206
137.95 1.13821
138 1.11403
138.05 1.08955
138.1 1.06486
138.15 1.04
138.2 1.01504
138.25 0.990039
138.3 0.965067
138.35 0.940182
138.4 0.915447
138.45 0.890923
138.5 0.866671
138.55 0.842753
138.6 0.819228
138.65 0.796155
138.7 0.773591
138.75 0.751593
138.8 0.730216
138.85 0.709514
138.9 0.689537
138.95 0.670337
139 0.65196
139.05 0.634453
139.1 0.61786
139.15 0.602222
139.2 0.587579
139.25 0.573966
139.3 0.561418
139.35 0.549967
139.4 0.53964
139.45 0.530464
139.5 0.522461
139.55 0.515652
139.6 0.510054
139.65 0.50568
139.7 0.502542
139.75 0.500647
139.8 0.5
139.85 0.500603
139.9 0.502455
139.95 0.505549
140 0.50988
140.05 0.515436
140.1 0.522203
140.15 0.530164
140.2 0.5393
140.25 0.549587
140.3 0.561
140.35 0.57351
140.4 0.587086
140.45 0.601694
140.5 0.617298
140.55 0.633858
140.6 0.651334
140.65 0.669681
140.7 0.688853
140.75 0.708803
140.8 0.729482
140.85 0.750836
140.9 0.772813
140.95 0.795358
141 0.818414
141.05 0.841925
141.1 0.86583
141.15 0.890071
141.2 0.914586
141.25 0.939315
141.3 0.964196
141.35 0.989166
141.4 1.01416
141.45 1.03913
141.5 1.06399
141.55 1.08869
141.6 1.11318
141.65 1.13738
141.7 1.16123
141.75 1.18468
141.8 1.20768
141.85 1.23015
141.9 1.25205
141.95 1.27331
142 1.2939
142.05 1.31375
142.1 1.33281
142.15 1.35105
142.2 1.3684
142.25 1.38484
142.3 1.40031
142.35 1.41478
142.4 1.42822
142.45 1.44058
142.5 1.45185
142.55 1.46198
142.6 1.47096
142.65 1.47877
142.7 1.48537
142.75 1.49077
142.8 1.49493
142.85 1.49786
142.9 1.49955
142.95 1.49999
143 1.49917
143.05 1.49711
143.1 1.49381
143.15 1.48927
143.2 1.48351
143.25 1.47654
143.3 1.46838
143.35 1.45905
143.4 1.44857
143.45 1.43697
143.5 1.42428
143.55 1.41053
143.6 1.39575
143.65 1.37998
143.7 1.36327
143.75 1.34564
143.8 1.32715
143.85 1.30785
143.9 1.28777
143.95 1.26697
144 1.24551
144.05 1.22343
144.1 1.2008
144.15 1.17766
144.2 1.15408
144.25 1.13012
144.3 1.10582
144.35 1.08127
144.4 1.05651
144.45 1.03161
144.5 1.00663
144.55 0.981635
144.6 0.956685
144.65 0.931844
144.7 0.907173
144.75 0.882734
144.8 0.858588
144.85 0.834795
144.9 0.811415
144.95 0.788507
145 0.766127
145.05 0.744332
145.1 0.723176
145.15 0.702712
145.2 0.682991
145.25 0.664062
145.3 0.645973
145.35 0.628769
145.4 0.612493
145.45 0.597185
145.5 0.582884
145.55 0.569626
145.6 0.557443
145.65 0.546367
145.7 0.536424
145.75 0.52764
145.8 0.520037
145.85 0.513633
145.9 0.508445
145.95 0.504486
146 0.501765
146.05 0.50029
146.1 0.500064
146.15 0.501087
146.2 0.503357
146.25 0.506868
146.3 0.511612
146.35 0.517577
146.4 0.524748
146.45 0.533106
146.5 0.542632
146.55 0.553301
146.6 0.565086
146.65 0.577958
146.7 0.591885
146.75 0.606832
146.8 0.622762
146.85 0.639635
146.9 0.657409
146.95 0.676038
147 0.695478
147.05 0.715679
147.1 0.73659
147.15 0.75816
147.2 0.780334
147.25 0.803057
147.3 0.826273
147.35 0.849923
147.4 0.873948
147.45 0.898288
147.5 0.922882
147.55 0.947669
147.6 0.972586
147.65 0.997573
147.7 1.02256
147.75 1.0475
147.8 1.07232
147.85 1.09695
147.9 1.12135
147.95 1.14544
148 1.16917
148.05 1.19247
148.1 1.21529
148.15 1.23758
148.2 1.25927
148.25 1.28031
148.3 1.30066
148.35 1.32025
148.4 1.33904
148.45 1.35698
148.5 1.37403
148.55 1.39015
148.6 1.40529
148.65 1.41942
148.7 1.4325
148.75 1.4445
148.8 1.45539
148.85 1.46513
148.9 1.47372
148.95 1.48112
149 1.48732
149.05 1.49231
149.1 1.49606
149.15 1.49857
149.2 1.49984
149.25 1.49985
149.3 1.49862
149.35 1.49614
149.4 1.49242
149.45 1.48747
149.5 1.4813
149.55 1.47393
149.6 1.46537
149.65 1.45565
149.7 1.4448
149.75 1.43283
149.8 1.41977
149.85 1.40567
149.9 1.39056
149.95 1.37447
150 1.35744
150.05 1.33952
150.1 1.32075
150.15 1.30118
150.2 1.28085
150.25 1.25983
150.3 1.23815
150.35 1.21588
150.4 1.19307
150.45 1.16978
150.5 1.14606
150.55 1.12198
150.6 1.09759
150.65 1.07296
150.7 1.04815
150.75 1.02322
150.8 0.998224
150.85 0.973236
150.9 0.948316
150.95 0.923525
151 0.898925
151.05 0.874578
151.1 0.850544
151.15 0.826884
151.2 0.803656
151.25 0.780919
151.3 0.75873
151.35 0.737144
151.4 0.716214
151.45 0.695995
151.5 0.676535
151.55 0.657883
151.6 0.640087
151.65 0.62319
151.7 0.607235
151.75 0.592262
151.8 0.578307
151.85 0.565407
151.9 0.553593
151.95 0.542895
152 0.53334
152.05 0.524951
152.1 0.517749
152.15 0.511752
152.2 0.506976
152.25 0.503433
152.3 0.50113
152.35 0.500074
152.4 0.500268
152.45 0.501711
152.5 0.5044
152.55 0.508327
152.6 0.513483
152.65 0.519855
152.7 0.527427
152.75 0.536181
152.8 0.546093
152.85 0.557141
152.9 0.569295
152.95 0.582526
153 0.5968
153.05 0.612082
153.1 0.628333
153.15 0.645514
153.2 0.66358
153.25 0.682488
153.3 0.702189
153.35 0.722634
153.4 0.743773
153.45 0.765552
153.5 0.787917
153.55 0.810813
153.6 0.834181
153.65 0.857963
153.7 0.882101
153.75 0.906533
153.8 0.931199
153.85 0.956037
153.9 0.980985
153.95 1.00598
154 1.03096
154.05 1.05586
154.1 1.08063
154.15 1.10519
154.2 1.12949
154.25 1.15346
154.3 1.17705
154.35 1.2002
154.4 1.22285
154.45 1.24494
154.5 1.26642
154.55 1.28724
154.6 1.30733
154.65 1.32666
154.7 1.34517
154.75 1.36282
154.8 1.37956
154.85 1.39535
154.9 1.41016
154.95 1.42394
155 1.43666
155.05 1.44828
155.1 1.45879
155.15 1.46815
155.2 1.47634
155.25 1.48334
155.3 1.48914
155.35 1.49371
155.4 1.49704
155.45 1.49913
155.5 1.49998
155.55 1.49958
155.6 1.49792
155.65 1.49503
155.7 1.49089
155.75 1.48553
155.8 1.47896
155.85 1.47118
155.9 1.46223
155.95 1.45213
156 1.44089
156.05 1.42855
156.1 1.41515
156.15 1.4007
156.2 1.38525
156.25 1.36884
156.3 1.35151
156.35 1.3333
156.4 1.31425
156.45 1.29442
156.5 1.27386
156.55 1.25261
156.6 1.23073
156.65 1.20827
156.7 1.18529
156.75 1.16185
156.8 1.138
156.85 1.11381
156.9 1.08933
156.95 1.06463
157 1.03977
157.05 1.01481
157.1 0.989817
157.15 0.964845
157.2 0.939962
157.25 0.915228
157.3 0.890706
157.35 0.866457
157.4 0.842542
157.45 0.819021
157.5 0.795952
157.55 0.773393
157.6 0.751401
157.65 0.730029
157.7 0.709333
157.75 0.689363
157.8 0.67017
157.85 0.651801
157.9 0.634302
157.95 0.617717
158 0.602088
158.05 0.587453
158.1 0.57385
158.15 0.561312
158.2 0.54987
158.25 0.539553
158.3 0.530387
158.35 0.522395
158.4 0.515597
158.45 0.510009
158.5 0.505647
158.55 0.502519
158.6 0.500636
158.65 0.5
158.7 0.500614
158.75 0.502477
158.8 0.505582
158.85 0.509924
158.9 0.515491
158.95 0.522268
159 0.53024
159.05 0.539386
159.1 0.549683
159.15 0.561106
159.2 0.573626
159.25 0.587211
159.3 0.601828
159.35 0.617441
159.4 0.634009
159.45 0.651493
159.5 0.669847
159.55 0.689027
159.6 0.708984
159.65 0.729668
159.7 0.751028
159.75 0.773011
159.8 0.795561
159.85 0.818621
159.9 0.842135
159.95 0.866044
160 0.890287
160.05 0.914805
160.1 0.939536
160.15 0.964417
160.2 0.989388
160.25 1.01439
160.3 1.03935
160.35 1.06421
160.4 1.08891
160.45 1.11339
160.5 1.13759
160.55 1.16144
160.6 1.18489
160.65 1.20788
160.7 1.23035
160.75 1.25224
160.8 1.2735
160.85 1.29408
160.9 1.31392
160.95 1.33298
161 1.3512
161.05 1.36855
161.1 1.38498
161.15 1.40044
161.2 1.41491
161.25 1.42833
161.3 1.44069
161.35 1.45194
161.4 1.46207
161.45 1.47104
161.5 1.47883
161.55 1.48543
161.6 1.49081
161.65 1.49497
161.7 1.49788
161.75 1.49956
161.8 1.49998
161.85 1.49916
161.9 1.49709
161.95 1.49377
162 1.48923
162.05 1.48345
162.1 1.47647
162.15 1.4683
162.2 1.45896
162.25 1.44847
162.3 1.43686
162.35 1.42416
162.4 1.4104
162.45 1.39562
162.5 1.37984
162.55 1.36311
162.6 1.34548
162.65 1.32698
162.7 1.30767
162.75 1.28759
162.8 1.26679
162.85 1.24532
162.9 1.22324
162.95 1.2006
163 1.17746
163.05 1.15387
163.1 1.1299
163.15 1.10561
163.2 1.08105
163.25 1.05629
163.3 1.03139
163.35 1.00641
163.4 0.981413
163.45 0.956464
163.5 0.931624
163.55 0.906955
163.6 0.882518
163.65 0.858375
163.7 0.834585
163.75 0.81121
163.8 0.788306
163.85 0.765931
163.9 0.744142
163.95 0.722991
164 0.702534
164.05 0.682819
164.1 0.663898
164.15 0.645816
164.2 0.62862
164.25 0.612353
164.3 0.597054
164.35 0.582762
164.4 0.569513
164.45 0.55734
164.5 0.546273
164.55 0.536341
164.6 0.527568
164.65 0.519975
164.7 0.513582
164.75 0.508405
164.8 0.504457
164.85 0.501747
164.9 0.500282
164.95 0.500067
165 0.501101
165.05 0.503383
165.1 0.506905
165.15 0.51166
165.2 0.517636
165.25 0.524817
165.3 0.533186
165.35 0.542722
165.4 0.5534
165.45 0.565195
165.5 0.578077
165.55 0.592013
165.6 0.60697
165.65 0.622908
165.7 0.639789
165.75 0.65757
165.8 0.676208
165.85 0.695654
165.9 0.715861
165.95 0.736779
166 0.758354
166.05 0.780534
166.1 0.803261
166.15 0.826481
166.2 0.850135
166.25 0.874162
166.3 0.898505
166.35 0.923101
166.4 0.947889
166.45 0.972808
166.5 0.997795
166.55 1.02279
166.6 1.04772
166.65 1.07254
166.7 1.09717
166.75 1.12156
166.8 1.14565
166.85 1.16938
166.9 1.19268
166.95 1.21549
167 1.23778
167.05 1.25946
167.1 1.2805
167.15 1.30083
167.2 1.32042
167.25 1.3392
167.3 1.35714
167.35 1.37418
167.4 1.39029
167.45 1.40542
167.5 1.41954
167.55 1.43261
167.6 1.4446
167.65 1.45548
167.7 1.46522
167.75 1.47379
167.8 1.48118
167.85 1.48737
167.9 1.49235
167.95 1.49609
168 1.49859
168.05 1.49984
168.1 1.49985
168.15 1.4986
168.2 1.49611
168.25 1.49238
168.3 1.48742
168.35 1.48124
168.4 1.47386
168.45 1.46529
168.5 1.45556
168.55 1.44469
168.6 1.43271
168.65 1.41965
168.7 1.40554
168.75 1.39042
168.8 1.37432
168.85 1.35728
168.9 1.33935
168.95 1.32058
169 1.301
169.05 1.28067
169.1 1.25964
169.15 1.23796
169.2 1.21568
169.25 1.19287
169.3 1.16957
169.35 1.14585
169.4 1.12176
169.45 1.09738
169.5 1.07274
169.55 1.04793
169.6 1.02299
169.65 0.998002
169.7 0.973015
169.75 0.948095
169.8 0.923306
169.85 0.898708
169.9 0.874363
169.95 0.850332
170 0.826675
170.05 0.803452
170.1 0.78072
170.15 0.758535
170.2 0.736955
170.25 0.716032
170.3 0.695818
170.35 0.676365
170.4 0.657721
170.45 0.639933
170.5 0.623044
170.55 0.607097
170.6 0.592133
170.65 0.578188
170.7 0.565298
170.75 0.553493
170.8 0.542805
170.85 0.53326
170.9 0.524881
170.95 0.51769
171 0.511705
171.05 0.506939
171.1 0.503407
171.15 0.501115
171.2 0.500071
171.25 0.500276
171.3 0.50173
171.35 0.504429
171.4 0.508367
171.45 0.513534
171.5 0.519917
171.55 0.5275
171.6 0.536264
171.65 0.546187
171.7 0.557244
171.75 0.569408
171.8 0.582648
171.85 0.596931
171.9 0.612222
171.95 0.628482
172 0.64567
172.05 0.663745
172.1 0.682659
172.15 0.702367
172.2 0.722819
172.25 0.743964
172.3 0.765748
172.35 0.788118
172.4 0.811018
172.45 0.83439
172.5 0.858176
172.55 0.882317
172.6 0.906751
172.65 0.931419
172.7 0.956258
172.75 0.981206
172.8 1.0062
172.85 1.03118
172.9 1.05608
172.95 1.08085
173 1.10541
173.05 1.1297
173.1 1.15367
173.15 1.17726
173.2 1.20041
173.25 1.22305
173.3 1.24514
173.35 1.26661
173.4 1.28742
173.45 1.30751
173.5 1.32683
173.55 1.34533
173.6 1.36297
173.65 1.3797
173.7 1.39549
173.75 1.41028
173.8 1.42405
173.85 1.43676
173.9 1.44838
173.95 1.45888
174 1.46823
174.05 1.47641
174.1 1.4834
174.15 1.48918
174.2 1.49374
174.25 1.49707
174.3 1.49915
174.35 1.49998
174.4 1.49957
174.45 1.4979
174.5 1.495
174.55 1.49085
174.6 1.48548
174.65 1.47889
174.7 1.47111
174.75 1.46215
174.8 1.45203
174.85 1.44079
174.9 1.42844
174.95 1.41502
175 1.40057
175.05 1.38511
175.1 1.36869
175.15 1.35135
175.2 1.33313
175.25 1.31408
175.3 1.29424
175.35 1.27367
175.4 1.25242
175.45 1.23053
175.5 1.20807
175.55 1.18508
175.6 1.16164
175.65 1.13779
175.7 1.11359
175.75 1.08912
175.8 1.06441
175.85 1.03955
175.9 1.01459
175.95 0.989595
176 0.964624
176.05 0.939741
176.1 0.915009
176.15 0.890489
176.2 0.866243
176.25 0.842332
176.3 0.818814
176.35 0.795749
176.4 0.773195
176.45 0.751208
176.5 0.729843
176.55 0.709152
176.6 0.689189
176.65 0.670003
176.7 0.651641
176.75 0.63415
176.8 0.617574
176.85 0.601954
176.9 0.587328
176.95 0.573734
177 0.561205
177.05 0.549773
177.1 0.539467
177.15 0.530311
177.2 0.52233
177.25 0.515542
177.3 0.509965
177.35 0.505613
177.4 0.502497
177.45 0.500624
177.5 0.5
177.55 0.500625
177.6 0.502499
177.65 0.505616
177.7 0.509968
177.75 0.515546
177.8 0.522334
177.85 0.530316
177.9 0.539472
177.95 0.54978
178 0.561212
178.05 0.573742
178.1 0.587336
178.15 0.601963
178.2 0.617584
178.25 0.634161
178.3 0.651652
178.35 0.670014
178.4 0.689201
178.45 0.709165
178.5 0.729855
178.55 0.751221
178.6 0.773209
178.65 0.795763
178.7 0.818828
178.75 0.842346
178.8 0.866258
178.85 0.890504
178.9 0.915024
178.95 0.939756
179 0.964639
179.05 0.98961
179.1 1.01461
179.15 1.03957
179.2 1.06443
179.25 1.08913
179.3 1.11361
179.35 1.1378
179.4 1.16165
179.45 1.1851
179.5 1.20808
179.55 1.23054
179.6 1.25243
179.65 1.27369
179.7 1.29426
179.75 1.31409
179.8 1.33314
179.85 1.35136
179.9 1.3687
179.95 1.38512
180 1.40058
180.05 1.41503
180.1 1.42845
180.15 1.44079
180.2 1.45204
180.25 1.46215
180.3 1.47111
180.35 1.4789
180.4 1.48548
180.45 1.49085
180.5 1.495
180.55 1.4979
180.6 1.49957
180.65 1.49998
180.7 1.49915
180.75 1.49706
180.8 1.49374
180.85 1.48918
180.9 1.4834
180.95 1.47641
181 1.46823
181.05 1.45887
181.1 1.44838
181.15 1.43676
181.2 1.42405
181.25 1.41028
181.3 1.39548
181.35 1.37969
181.4 1.36296
181.45 1.34532
181.5 1.32682
181.55 1.3075
181.6 1.28741
181.65 1.2666
181.7 1.24512
181.75 1.22304
181.8 1.20039
181.85 1.17725
181.9 1.15366
181.95 1.12969
182 1.10539
182.05 1.08083
182.1 1.05607
182.15 1.03117
182.2 1.00619
182.25 0.981191
182.3 0.956243
182.35 0.931404
182.4 0.906736
182.45 0.882302
182.5 0.858162
182.55 0.834376
182.6 0.811004
182.65 0.788105
182.7 0.765735
182.75 0.743951
182.8 0.722807
182.85 0.702355
182.9 0.682648
182.95 0.663734
183 0.64566
183.05 0.628472
183.1 0.612212
183.15 0.596922
183.2 0.582639
183.25 0.5694
183.3 0.557237
183.35 0.54618
183.4 0.536258
183.45 0.527495
183.5 0.519913
183.55 0.513531
183.6 0.508364
183.65 0.504427
183.7 0.501728
183.75 0.500275
183.8 0.500071
183.85 0.501116
183.9 0.503408
183.95 0.506942
184 0.511708
184.05 0.517694
184.1 0.524886
184.15 0.533265
184.2 0.542811
184.25 0.5535
184.3 0.565305
184.35 0.578196
184.4 0.592142
184.45 0.607107
184.5 0.623054
184.55 0.639943
184.6 0.657732
184.65 0.676377
184.7 0.69583
184.75 0.716044
184.8 0.736968
184.85 0.758549
184.9 0.780733
184.95 0.803466
185 0.826689
185.05 0.850346
185.1 0.874377
185.15 0.898722
185.2 0.923321
185.25 0.94811
185.3 0.97303
185.35 0.998017
185.4 1.02301
185.45 1.04794
185.5 1.07276
185.55 1.09739
185.6 1.12178
185.65 1.14586
185.7 1.16958
185.75 1.19288
185.8 1.2157
185.85 1.23797
185.9 1.25965
185.95 1.28068
186 1.30101
186.05 1.32059
186.1 1.33937
186.15 1.35729
186.2 1.37433
186.25 1.39043
186.3 1.40555
186.35 1.41966
186.4 1.43272
186.45 1.4447
186.5 1.45557
186.55 1.4653
186.6 1.47386
186.65 1.48124
186.7 1.48742
186.75 1.49238
186.8 1.49611
186.85 1.4986
186.9 1.49985
186.95 1.49984
187 1.49859
187.05 1.49608
187.1 1.49234
187.15 1.48737
187.2 1.48118
187.25 1.47379
187.3 1.46521
187.35 1.45547
187.4 1.44459
187.45 1.4326
187.5 1.41953
187.55 1.40541
187.6 1.39028
187.65 1.37417
187.7 1.35713
187.75 1.33919
187.8 1.32041
187.85 1.30082
187.9 1.28049
187.95 1.25945
188 1.23776
188.05 1.21548
188.1 1.19266
188.15 1.16936
188.2 1.14564
188.25 1.12155
188.3 1.09716
188.35 1.07252
188.4 1.04771
188.45 1.02277
