0 1
0.05 0.975023
0.1 0.950132
0.15 0.925388
0.2 0.900852
0.25 0.876584
0.3 0.852644
0.35 0.82909
0.4 0.805981
0.45 0.783372
0.5 0.761321
0.55 0.739881
0.6 0.719104
0.65 0.699043
0.7 0.679746
0.75 0.661261
0.8 0.643634
0.85 0.626908
0.9 0.611124
0.95 0.596321
1 0.582536
1.05 0.569804
1.1 0.558154
1.15 0.547617
1.2 0.538218
1.25 0.529981
1.3 0.522925
1.35 0.517068
1.4 0.512426
1.45 0.509008
1.5 0.506825
1.55 0.50588
1.6 0.506177
1.65 0.507715
1.7 0.510489
1.75 0.514494
1.8 0.519718
1.85 0.52615
1.9 0.533773
1.95 0.542569
2 0.552515
2.05 0.563587
2.1 0.575759
2.15 0.588998
2.2 0.603274
2.25 0.618551
2.3 0.63479
2.35 0.651952
2.4 0.669995
2.45 0.688874
2.5 0.708543
2.55 0.728953
2.6 0.750053
2.65 0.771792
2.7 0.794117
2.75 0.816971
2.8 0.8403
2.85 0.864046
2.9 0.88815
2.95 0.912554
3 0.937197
3.05 0.962019
3.1 0.986959
3.15 1.01196
3.2 1.03695
3.25 1.06188
3.3 1.08668
3.35 1.11129
3.4 1.13566
3.45 1.15972
3.5 1.18341
3.55 1.20668
3.6 1.22947
3.65 1.25172
3.7 1.27339
3.75 1.29441
3.8 1.31474
3.85 1.33432
3.9 1.35311
3.95 1.37107
4 1.38815
4.05 1.4043
4.1 1.41949
4.15 1.43369
4.2 1.44685
4.25 1.45895
4.3 1.46995
4.35 1.47983
4.4 1.48857
4.45 1.49614
4.5 1.50253
4.55 1.50772
4.6 1.51169
4.65 1.51445
4.7 1.51597
4.75 1.51627
4.8 1.51533
4.85 1.51316
4.9 1.50976
4.95 1.50515
5 1.49933
5.05 1.49232
5.1 1.48413
5.15 1.47479
5.2 1.46432
5.25 1.45274
5.3 1.44008
5.35 1.42638
5.4 1.41165
5.45 1.39595
5.5 1.37931
5.55 1.36177
5.6 1.34337
5.65 1.32416
5.7 1.30418
5.75 1.28348
5.8 1.26211
5.85 1.24013
5.9 1.21759
5.95 1.19454
6 1.17104
6.05 1.14715
6.1 1.12292
6.15 1.09842
6.2 1.0737
6.25 1.04883
6.3 1.02386
6.35 0.998854
6.4 0.973879
6.45 0.948993
6.5 0.924257
6.55 0.899732
6.6 0.875478
6.65 0.851555
6.7 0.82802
6.75 0.804932
6.8 0.782349
6.85 0.760324
6.9 0.738913
6.95 0.718168
7 0.698141
7.05 0.67888
7.1 0.660434
7.15 0.642847
7.2 0.626163
7.25 0.610423
7.3 0.595666
7.35 0.581929
7.4 0.569245
7.45 0.557646
7.5 0.547161
7.55 0.537815
7.6 0.529631
7.65 0.52263
7.7 0.516829
7.75 0.512242
7.8 0.508881
7.85 0.506754
7.9 0.505867
7.95 0.50622
8 0.507815
8.05 0.510646
8.1 0.514707
8.15 0.519987
8.2 0.526474
8.25 0.534151
8.3 0.543
8.35 0.552998
8.4 0.564122
8.45 0.576343
8.5 0.589631
8.55 0.603953
8.6 0.619275
8.65 0.635557
8.7 0.652761
8.75 0.670843
8.8 0.68976
8.85 0.709463
8.9 0.729906
8.95 0.751036
9 0.772803
9.05 0.795153
9.1 0.818031
9.15 0.841381
9.2 0.865144
9.25 0.889263
9.3 0.913679
9.35 0.938332
9.4 0.96316
9.45 0.988104
9.5 1.0131
9.55 1.03809
9.6 1.06302
9.65 1.08781
9.7 1.11241
9.75 1.13677
9.8 1.16081
9.85 1.18449
9.9 1.20774
9.95 1.2305
10 1.25273
10.05 1.27437
10.1 1.29536
10.15 1.31565
10.2 1.3352
10.25 1.35396
10.3 1.37187
10.35 1.38891
10.4 1.40502
10.45 1.42017
10.5 1.43431
10.55 1.44743
10.6 1.45947
10.65 1.47043
10.7 1.48026
10.75 1.48894
10.8 1.49646
10.85 1.50279
10.9 1.50793
10.95 1.51185
11 1.51454
11.05 1.51601
11.1 1.51625
11.15 1.51525
11.2 1.51303
11.25 1.50958
11.3 1.50491
11.35 1.49903
11.4 1.49197
11.45 1.48373
11.5 1.47434
11.55 1.46381
11.6 1.45218
11.65 1.43948
11.7 1.42572
11.75 1.41095
11.8 1.39521
11.85 1.37853
11.9 1.36094
11.95 1.3425
12 1.32326
12.05 1.30324
12.1 1.28251
12.15 1.26112
12.2 1.23911
12.25 1.21654
12.3 1.19347
12.35 1.16995
12.4 1.14605
12.45 1.1218
12.5 1.09729
12.55 1.07256
12.6 1.04768
12.65 1.02271
12.7 0.997707
12.75 0.972735
12.8 0.947855
12.85 0.923128
12.9 0.898614
12.95 0.874374
13 0.850466
13.05 0.826951
13.1 0.803885
13.15 0.781326
13.2 0.759328
13.25 0.737947
13.3 0.717234
13.35 0.69724
13.4 0.678016
13.45 0.659608
13.5 0.642061
13.55 0.62542
13.6 0.609724
13.65 0.595014
13.7 0.581324
13.75 0.56869
13.8 0.557141
13.85 0.546707
13.9 0.537414
13.95 0.529284
14 0.522338
14.05 0.516592
14.1 0.512061
14.15 0.508757
14.2 0.506686
14.25 0.505856
14.3 0.506266
14.35 0.507918
14.4 0.510805
14.45 0.514922
14.5 0.520258
14.55 0.5268
14.6 0.534531
14.65 0.543433
14.7 0.553484
14.75 0.564658
14.8 0.576929
14.85 0.590265
14.9 0.604634
14.95 0.620001
15 0.636326
15.05 0.653571
15.1 0.671693
15.15 0.690646
15.2 0.710385
15.25 0.73086
15.3 0.752021
15.35 0.773816
15.4 0.796192
15.45 0.819092
15.5 0.842462
15.55 0.866243
15.6 0.890377
15.65 0.914805
15.7 0.939467
15.75 0.964302
15.8 0.98925
15.85 1.01425
15.9 1.03924
15.95 1.06416
16 1.08894
16.05 1.11354
16.1 1.13788
16.15 1.1619
16.2 1.18556
16.25 1.20879
16.3 1.23153
16.35 1.25374
16.4 1.27534
16.45 1.2963
16.5 1.31657
16.55 1.33608
16.6 1.3548
16.65 1.37267
16.7 1.38967
16.75 1.40573
16.8 1.42084
16.85 1.43494
16.9 1.448
16.95 1.46
17 1.4709
17.05 1.48068
17.1 1.48931
17.15 1.49678
17.2 1.50306
17.25 1.50813
17.3 1.512
17.35 1.51464
17.4 1.51605
17.45 1.51623
17.5 1.51518
17.55 1.5129
17.6 1.50939
17.65 1.50467
17.7 1.49874
17.75 1.49162
17.8 1.48333
17.85 1.47388
17.9 1.4633
17.95 1.45162
18 1.43887
18.05 1.42507
18.1 1.41025
18.15 1.39447
18.2 1.37774
18.25 1.36012
18.3 1.34164
18.35 1.32235
18.4 1.30231
18.45 1.28155
18.5 1.26012
18.55 1.23809
18.6 1.2155
18.65 1.1924
18.7 1.16887
18.75 1.14494
18.8 1.12069
18.85 1.09616
18.9 1.07142
18.95 1.04654
19 1.02156
19.05 0.996561
19.1 0.971592
19.15 0.946717
19.2 0.921998
19.25 0.897496
19.3 0.873269
19.35 0.849379
19.4 0.825883
19.45 0.802839
19.5 0.780304
19.55 0.758334
19.6 0.736982
19.65 0.716301
19.7 0.696342
19.75 0.677154
19.8 0.658784
19.85 0.641278
19.9 0.624679
19.95 0.609028
20 0.594363
20.05 0.580721
20.1 0.568136
20.15 0.556638
20.2 0.546256
20.25 0.537015
20.3 0.528939
20.35 0.522048
20.4 0.516357
20.45 0.511883
20.5 0.508635
20.55 0.506621
20.6 0.505847
20.65 0.506315
20.7 0.508023
20.75 0.510967
20.8 0.51514
20.85 0.520532
20.9 0.527128
20.95 0.534914
21 0.543869
21.05 0.553972
21.1 0.565197
21.15 0.577517
21.2 0.590902
21.25 0.605317
21.3 0.620729
21.35 0.637097
21.4 0.654384
21.45 0.672544
21.5 0.691535
21.55 0.711308
21.6 0.731816
21.65 0.753007
21.7 0.77483
21.75 0.797231
21.8 0.820154
21.85 0.843544
21.9 0.867342
21.95 0.891491
22 0.915931
22.05 0.940603
22.1 0.965444
22.15 0.990396
22.2 1.0154
22.25 1.04038
22.3 1.0653
22.35 1.09007
22.4 1.11466
22.45 1.13899
22.5 1.163
22.55 1.18664
22.6 1.20984
22.65 1.23256
22.7 1.25474
22.75 1.27632
22.8 1.29725
22.85 1.31748
22.9 1.33696
22.95 1.35564
23 1.37347
23.05 1.39042
23.1 1.40645
23.15 1.42151
23.2 1.43556
23.25 1.44858
23.3 1.46052
23.35 1.47138
23.4 1.4811
23.45 1.48968
23.5 1.49709
23.55 1.50331
23.6 1.50834
23.65 1.51215
23.7 1.51473
23.75 1.51609
23.8 1.51621
23.85 1.5151
23.9 1.51276
23.95 1.5092
24 1.50442
24.05 1.49844
24.1 1.49126
24.15 1.48292
24.2 1.47342
24.25 1.46279
24.3 1.45106
24.35 1.43826
24.4 1.42441
24.45 1.40955
24.5 1.39372
24.55 1.37695
24.6 1.35929
24.65 1.34077
24.7 1.32145
24.75 1.30137
24.8 1.28058
24.85 1.25912
24.9 1.23706
24.95 1.21445
25 1.19133
25.05 1.16778
25.1 1.14383
25.15 1.11957
25.2 1.09503
25.25 1.07029
25.3 1.04539
25.35 1.02042
25.4 0.995414
25.45 0.970448
25.5 0.94558
25.55 0.920869
25.6 0.896378
25.65 0.872166
25.7 0.848292
25.75 0.824816
25.8 0.801794
25.85 0.779284
25.9 0.757341
25.95 0.736018
26 0.715369
26.05 0.695444
26.1 0.676293
26.15 0.657962
26.2 0.640497
26.25 0.62394
26.3 0.608334
26.35 0.593715
26.4 0.580121
26.45 0.567585
26.5 0.556137
26.55 0.545807
26.6 0.536619
26.65 0.528597
26.7 0.52176
26.75 0.516126
26.8 0.511707
26.85 0.508515
26.9 0.506559
26.95 0.505842
27 0.506366
27.05 0.508131
27.1 0.511132
27.15 0.515361
27.2 0.520808
27.25 0.52746
27.3 0.535299
27.35 0.544308
27.4 0.554463
27.45 0.565739
27.5 0.578108
27.55 0.591541
27.6 0.606003
27.65 0.621459
27.7 0.63787
27.75 0.655198
27.8 0.673397
27.85 0.692425
27.9 0.712233
27.95 0.732773
28 0.753994
28.05 0.775845
28.1 0.798271
28.15 0.821217
28.2 0.844627
28.25 0.868443
28.3 0.892606
28.35 0.917058
28.4 0.941739
28.45 0.966587
28.5 0.991542
28.55 1.01654
28.6 1.04153
28.65 1.06644
28.7 1.09121
28.75 1.11578
28.8 1.14009
28.85 1.16409
28.9 1.18771
28.95 1.2109
29 1.23359
29.05 1.25574
29.1 1.27729
29.15 1.29819
29.2 1.31839
29.25 1.33783
29.3 1.35647
29.35 1.37427
29.4 1.39118
29.45 1.40716
29.5 1.42217
29.55 1.43618
29.6 1.44915
29.65 1.46105
29.7 1.47185
29.75 1.48152
29.8 1.49005
29.85 1.4974
29.9 1.50357
29.95 1.50854
30 1.51229
30.05 1.51482
30.1 1.51612
30.15 1.51619
30.2 1.51502
30.25 1.51263
30.3 1.50901
30.35 1.50417
30.4 1.49813
30.45 1.49091
30.5 1.48251
30.55 1.47296
30.6 1.46228
30.65 1.4505
30.7 1.43765
30.75 1.42375
30.8 1.40885
30.85 1.39297
30.9 1.37616
30.95 1.35846
31 1.3399
31.05 1.32055
31.1 1.30043
31.15 1.27961
31.2 1.25813
31.25 1.23604
31.3 1.2134
31.35 1.19026
31.4 1.16669
31.45 1.14273
31.5 1.11845
31.55 1.0939
31.6 1.06915
31.65 1.04425
31.7 1.01927
31.75 0.994268
31.8 0.969305
31.85 0.944443
31.9 0.919741
31.95 0.895261
32 0.871063
32.05 0.847207
32.1 0.82375
32.15 0.80075
32.2 0.778265
32.25 0.756349
32.3 0.735056
32.35 0.714439
32.4 0.694549
32.45 0.675434
32.5 0.657142
32.55 0.639717
32.6 0.623204
32.65 0.607641
32.7 0.593069
32.75 0.579523
32.8 0.567036
32.85 0.555639
32.9 0.54536
32.95 0.536226
33 0.528258
33.05 0.521475
33.1 0.515896
33.15 0.511534
33.2 0.508398
33.25 0.506499
33.3 0.505839
33.35 0.50642
33.4 0.508242
33.45 0.511299
33.5 0.515584
33.55 0.521087
33.6 0.527793
33.65 0.535687
33.7 0.544749
33.75 0.554955
33.8 0.566282
33.85 0.578701
33.9 0.592181
33.95 0.60669
34 0.622191
34.05 0.638645
34.1 0.656014
34.15 0.674252
34.2 0.693316
34.25 0.713159
34.3 0.733732
34.35 0.754983
34.4 0.776861
34.45 0.799312
34.5 0.822281
34.55 0.84571
34.6 0.869544
34.65 0.893722
34.7 0.918186
34.75 0.942875
34.8 0.967729
34.85 0.992688
34.9 1.01769
34.95 1.04267
35 1.06758
35.05 1.09234
35.1 1.1169
35.15 1.1412
35.2 1.16518
35.25 1.18878
35.3 1.21195
35.35 1.23462
35.4 1.25675
35.45 1.27827
35.5 1.29913
35.55 1.3193
35.6 1.3387
35.65 1.35731
35.7 1.37507
35.75 1.39193
35.8 1.40787
35.85 1.42284
35.9 1.4368
35.95 1.44972
36 1.46157
36.05 1.47231
36.1 1.48194
36.15 1.49041
36.2 1.49771
36.25 1.50383
36.3 1.50874
36.35 1.51243
36.4 1.51491
36.45 1.51615
36.5 1.51616
36.55 1.51494
36.6 1.51249
36.65 1.50881
36.7 1.50392
36.75 1.49783
36.8 1.49055
36.85 1.48209
36.9 1.47249
36.95 1.46176
37 1.44993
37.05 1.43703
37.1 1.42309
37.15 1.40814
37.2 1.39222
37.25 1.37537
37.3 1.35762
37.35 1.33903
37.4 1.31964
37.45 1.29949
37.5 1.27864
37.55 1.25713
37.6 1.23501
37.65 1.21235
37.7 1.18919
37.75 1.1656
37.8 1.14162
37.85 1.11733
37.9 1.09277
37.95 1.06801
38 1.04311
38.05 1.01812
38.1 0.993122
38.15 0.968162
38.2 0.943306
38.25 0.918613
38.3 0.894145
38.35 0.869961
38.4 0.846122
38.45 0.822684
38.5 0.799707
38.55 0.777247
38.6 0.755358
38.65 0.734096
38.7 0.713511
38.75 0.693655
38.8 0.674577
38.85 0.656323
38.9 0.63894
38.95 0.622469
39 0.606951
39.05 0.592425
39.1 0.578927
39.15 0.566489
39.2 0.555143
39.25 0.544916
39.3 0.535835
39.35 0.52792
39.4 0.521193
39.45 0.515669
39.5 0.511363
39.55 0.508284
39.6 0.506441
39.65 0.505838
39.7 0.506476
39.75 0.508355
39.8 0.511469
39.85 0.51581
39.9 0.521368
39.95 0.52813
40 0.536077
40.05 0.545192
40.1 0.55545
40.15 0.566828
40.2 0.579296
40.25 0.592825
40.3 0.607379
40.35 0.622925
40.4 0.639422
40.45 0.656831
40.5 0.675109
40.55 0.69421
40.6 0.714087
40.65 0.734692
40.7 0.755973
40.75 0.777879
40.8 0.800355
40.85 0.823346
40.9 0.846795
40.95 0.870645
41 0.894838
41.05 0.919313
41.1 0.944012
41.15 0.968872
41.2 0.993834
41.25 1.01884
41.3 1.04382
41.35 1.06871
41.4 1.09347
41.45 1.11802
41.5 1.14231
41.55 1.16627
41.6 1.18986
41.65 1.213
41.7 1.23565
41.75 1.25775
41.8 1.27924
41.85 1.30007
41.9 1.3202
41.95 1.33957
42 1.35814
42.05 1.37586
42.1 1.39269
42.15 1.40858
42.2 1.4235
42.25 1.43741
42.3 1.45028
42.35 1.46208
42.4 1.47278
42.45 1.48235
42.5 1.49077
42.55 1.49802
42.6 1.50408
42.65 1.50893
42.7 1.51257
42.75 1.51499
42.8 1.51618
42.85 1.51613
42.9 1.51485
42.95 1.51234
43 1.50861
43.05 1.50367
43.1 1.49752
43.15 1.49018
43.2 1.48168
43.25 1.47202
43.3 1.46124
43.35 1.44936
43.4 1.43641
43.45 1.42242
43.5 1.40743
43.55 1.39147
43.6 1.37457
43.65 1.35679
43.7 1.33816
43.75 1.31873
43.8 1.29855
43.85 1.27766
43.9 1.25612
43.95 1.23398
44 1.2113
44.05 1.18812
44.1 1.1645
44.15 1.14051
44.2 1.1162
44.25 1.09164
44.3 1.06687
44.35 1.04196
44.4 1.01698
44.45 0.991976
44.5 0.96702
44.55 0.942169
44.6 0.917486
44.65 0.893029
44.7 0.86886
44.75 0.845038
44.8 0.82162
44.85 0.798666
44.9 0.77623
44.95 0.754369
45 0.733136
45.05 0.712584
45.1 0.692763
45.15 0.673721
45.2 0.655507
45.25 0.638164
45.3 0.621736
45.35 0.606263
45.4 0.591783
45.45 0.578333
45.5 0.565944
45.55 0.554649
45.6 0.544475
45.65 0.535446
45.7 0.527586
45.75 0.520913
45.8 0.515445
45.85 0.511195
45.9 0.508173
45.95 0.506386
46 0.50584
46.05 0.506535
46.1 0.508471
46.15 0.511641
46.2 0.516038
46.25 0.521652
46.3 0.528468
46.35 0.53647
46.4 0.545637
46.45 0.555948
46.5 0.567376
46.55 0.579894
46.6 0.59347
46.65 0.608071
46.7 0.623661
46.75 0.640201
46.8 0.657651
46.85 0.675967
46.9 0.695105
46.95 0.715017
47 0.735653
47.05 0.756965
47.1 0.778898
47.15 0.801398
47.2 0.824411
47.25 0.847881
47.3 0.871748
47.35 0.895955
47.4 0.920442
47.45 0.945149
47.5 0.970015
47.55 0.99498
47.6 1.01998
47.65 1.04496
47.7 1.06985
47.75 1.0946
47.8 1.11914
47.85 1.14342
47.9 1.16736
47.95 1.19093
48 1.21405
48.05 1.23667
48.1 1.25875
48.15 1.28021
48.2 1.30101
48.25 1.32111
48.3 1.34044
48.35 1.35897
48.4 1.37665
48.45 1.39343
48.5 1.40928
48.55 1.42416
48.6 1.43803
48.65 1.45085
48.7 1.4626
48.75 1.47324
48.8 1.48276
48.85 1.49113
48.9 1.49832
48.95 1.50433
49 1.50913
49.05 1.51271
49.1 1.51507
49.15 1.5162
49.2 1.5161
49.25 1.51476
49.3 1.5122
49.35 1.50841
49.4 1.50341
49.45 1.49721
49.5 1.48982
49.55 1.48126
49.6 1.47155
49.65 1.46072
49.7 1.44879
49.75 1.43579
49.8 1.42176
49.85 1.40672
49.9 1.39071
49.95 1.37378
50 1.35595
50.05 1.33729
50.1 1.31782
50.15 1.29761
50.2 1.27669
50.25 1.25512
50.3 1.23295
50.35 1.21024
50.4 1.18704
50.45 1.16341
50.5 1.13941
50.55 1.11508
50.6 1.0905
50.65 1.06573
50.7 1.04082
50.75 1.01583
50.8 0.99083
50.85 0.965877
50.9 0.941033
50.95 0.916359
51 0.891914
51.05 0.867759
51.1 0.843954
51.15 0.820557
51.2 0.797625
51.25 0.775215
51.3 0.753381
51.35 0.732179
51.4 0.711659
51.45 0.691872
51.5 0.672867
51.55 0.654692
51.6 0.63739
51.65 0.621005
51.7 0.605577
51.75 0.591144
51.8 0.577741
51.85 0.565402
51.9 0.554158
51.95 0.544035
52 0.53506
52.05 0.527254
52.1 0.520636
52.15 0.515224
52.2 0.511029
52.25 0.508064
52.3 0.506334
52.35 0.505845
52.4 0.506597
52.45 0.508589
52.5 0.511816
52.55 0.516269
52.6 0.521938
52.65 0.528809
52.7 0.536865
52.75 0.546085
52.8 0.556448
52.85 0.567927
52.9 0.580494
52.95 0.594117
53 0.608765
53.05 0.624399
53.1 0.640982
53.15 0.658472
53.2 0.676827
53.25 0.696001
53.3 0.715947
53.35 0.736616
53.4 0.757957
53.45 0.779917
53.5 0.802443
53.55 0.825478
53.6 0.848967
53.65 0.872851
53.7 0.897072
53.75 0.92157
53.8 0.946286
53.85 0.971158
53.9 0.996126
53.95 1.02113
54 1.0461
54.05 1.07099
54.1 1.09573
54.15 1.12026
54.2 1.14452
54.25 1.16845
54.3 1.192
54.35 1.2151
54.4 1.2377
54.45 1.25974
54.5 1.28118
54.55 1.30195
54.6 1.32201
54.65 1.34131
54.7 1.3598
54.75 1.37744
54.8 1.39418
54.85 1.40999
54.9 1.42482
54.95 1.43864
55 1.45141
55.05 1.46311
55.1 1.47371
55.15 1.48317
55.2 1.49148
55.25 1.49862
55.3 1.50457
55.35 1.50932
55.4 1.51285
55.45 1.51515
55.5 1.51622
55.55 1.51607
55.6 1.51467
55.65 1.51205
55.7 1.50821
55.75 1.50315
55.8 1.4969
55.85 1.48945
55.9 1.48084
55.95 1.47108
56 1.4602
56.05 1.44822
56.1 1.43517
56.15 1.42109
56.2 1.40601
56.25 1.38995
56.3 1.37298
56.35 1.35512
56.4 1.33641
56.45 1.31691
56.5 1.29666
56.55 1.27571
56.6 1.25412
56.65 1.23192
56.7 1.20919
56.75 1.18597
56.8 1.16232
56.85 1.1383
56.9 1.11396
56.95 1.08937
57 1.06459
57.05 1.03967
57.1 1.01468
57.15 0.989684
57.2 0.964735
57.25 0.939897
57.3 0.915232
57.35 0.890799
57.4 0.86666
57.45 0.842872
57.5 0.819495
57.55 0.796585
57.6 0.7742
57.65 0.752395
57.7 0.731222
57.75 0.710735
57.8 0.690983
57.85 0.672015
57.9 0.653879
57.95 0.636619
58 0.620276
58.05 0.604893
58.1 0.590506
58.15 0.577152
58.2 0.564862
58.25 0.553669
58.3 0.543598
58.35 0.534676
58.4 0.526924
58.45 0.520361
58.5 0.515004
58.55 0.510866
58.6 0.507957
58.65 0.506285
58.7 0.505852
58.75 0.506661
58.8 0.50871
58.85 0.511993
58.9 0.516503
58.95 0.522227
59 0.529153
59.05 0.537262
59.1 0.546536
59.15 0.55695
59.2 0.568479
59.25 0.581095
59.3 0.594767
59.35 0.60946
59.4 0.625139
59.45 0.641764
59.5 0.659295
59.55 0.677689
59.6 0.6969
59.65 0.71688
59.7 0.737581
59.75 0.758951
59.8 0.780938
59.85 0.803489
59.9 0.826546
59.95 0.850054
60 0.873955
60.05 0.89819
60.1 0.922699
60.15 0.947424
60.2 0.972302
60.25 0.997272
60.3 1.02228
60.35 1.04725
60.4 1.07213
60.45 1.09686
60.5 1.12138
60.55 1.14563
60.6 1.16954
60.65 1.19307
60.7 1.21615
60.75 1.23872
60.8 1.26074
60.85 1.28215
60.9 1.30289
60.95 1.32291
61 1.34218
61.05 1.36063
61.1 1.37823
61.15 1.39493
61.2 1.41069
61.25 1.42547
61.3 1.43925
61.35 1.45197
61.4 1.46362
61.45 1.47416
61.5 1.48358
61.55 1.49184
61.6 1.49892
61.65 1.50482
61.7 1.50951
61.75 1.51298
61.8 1.51523
61.85 1.51624
61.9 1.51603
61.95 1.51458
62 1.5119
62.05 1.508
62.1 1.50289
62.15 1.49658
62.2 1.48908
62.25 1.48042
62.3 1.47061
62.35 1.45967
62.4 1.44765
62.45 1.43455
62.5 1.42042
62.55 1.40529
62.6 1.3892
62.65 1.37218
62.7 1.35428
62.75 1.33553
62.8 1.316
62.85 1.29572
62.9 1.27474
62.95 1.25311
63 1.23089
63.05 1.20814
63.1 1.18489
63.15 1.16123
63.2 1.13719
63.25 1.11284
63.3 1.08824
63.35 1.06345
63.4 1.03853
63.45 1.01354
63.5 0.988539
63.55 0.963593
63.6 0.938762
63.65 0.914106
63.7 0.889686
63.75 0.865561
63.8 0.84179
63.85 0.818433
63.9 0.795547
63.95 0.773187
64 0.751409
64.05 0.730267
64.1 0.709812
64.15 0.690096
64.2 0.671165
64.25 0.653068
64.3 0.635849
64.35 0.61955
64.4 0.604211
64.45 0.589871
64.5 0.576565
64.55 0.564325
64.6 0.553182
64.65 0.543164
64.7 0.534295
64.75 0.526597
64.8 0.520089
64.85 0.514788
64.9 0.510706
64.95 0.507853
65 0.506238
65.05 0.505862
65.1 0.506728
65.15 0.508834
65.2 0.512173
65.25 0.516739
65.3 0.522519
65.35 0.529499
65.4 0.537662
65.45 0.546989
65.5 0.557455
65.55 0.569034
65.6 0.5817
65.65 0.595419
65.7 0.610158
65.75 0.625881
65.8 0.642549
65.85 0.66012
65.9 0.678552
65.95 0.697799
66 0.717814
66.05 0.738547
66.1 0.759946
66.15 0.781961
66.2 0.804535
66.25 0.827615
66.3 0.851142
66.35 0.875059
66.4 0.899308
66.45 0.923829
66.5 0.948562
66.55 0.973445
66.6 0.998419
66.65 1.02342
66.7 1.04839
66.75 1.07327
66.8 1.09799
66.85 1.1225
66.9 1.14673
66.95 1.17063
67 1.19414
67.05 1.21719
67.1 1.23975
67.15 1.26174
67.2 1.28311
67.25 1.30382
67.3 1.32381
67.35 1.34304
67.4 1.36146
67.45 1.37901
67.5 1.39567
67.55 1.41139
67.6 1.42613
67.65 1.43985
67.7 1.45253
67.75 1.46413
67.8 1.47462
67.85 1.48398
67.9 1.49219
67.95 1.49922
68 1.50506
68.05 1.50969
68.1 1.51311
68.15 1.5153
68.2 1.51626
68.25 1.51599
68.3 1.51448
68.35 1.51175
68.4 1.5078
68.45 1.50263
68.5 1.49626
68.55 1.48871
68.6 1.47999
68.65 1.47013
68.7 1.45915
68.75 1.44707
68.8 1.43392
68.85 1.41975
68.9 1.40457
68.95 1.38844
69 1.37138
69.05 1.35343
69.1 1.33466
69.15 1.31508
69.2 1.29477
69.25 1.27376
69.3 1.25211
69.35 1.22986
69.4 1.20708
69.45 1.18382
69.5 1.16013
69.55 1.13608
69.6 1.11172
69.65 1.08711
69.7 1.06231
69.75 1.03738
69.8 1.01239
69.85 0.987393
69.9 0.962452
69.95 0.937627
70 0.91298
70.05 0.888572
70.1 0.864462
70.15 0.84071
70.2 0.817373
70.25 0.79451
70.3 0.772175
70.35 0.750426
70.4 0.729314
70.45 0.708892
70.5 0.68921
70.55 0.670317
70.6 0.652259
70.65 0.635081
70.7 0.618825
70.75 0.603531
70.8 0.589238
70.85 0.57598
70.9 0.56379
70.95 0.552698
71 0.542732
71.05 0.533916
71.1 0.526272
71.15 0.51982
71.2 0.514574
71.25 0.510548
71.3 0.507752
71.35 0.506193
71.4 0.505875
71.45 0.506798
71.5 0.50896
71.55 0.512356
71.6 0.516977
71.65 0.522813
71.7 0.529848
71.75 0.538065
71.8 0.547444
71.85 0.557961
71.9 0.569592
71.95 0.582306
72 0.596073
72.05 0.610858
72.1 0.626625
72.15 0.643335
72.2 0.660947
72.25 0.679418
72.3 0.698701
72.35 0.718749
72.4 0.739514
72.45 0.760943
72.5 0.782984
72.55 0.805583
72.6 0.828684
72.65 0.852231
72.7 0.876165
72.75 0.900427
72.8 0.924959
72.85 0.9497
72.9 0.974589
72.95 0.999565
73 1.02457
73.05 1.04953
73.1 1.07441
73.15 1.09912
73.2 1.12362
73.25 1.14783
73.3 1.17172
73.35 1.1952
73.4 1.21824
73.45 1.24077
73.5 1.26273
73.55 1.28408
73.6 1.30475
73.65 1.32471
73.7 1.3439
73.75 1.36228
73.8 1.3798
73.85 1.39641
73.9 1.41209
73.95 1.42678
74 1.44046
74.05 1.45309
74.1 1.46463
74.15 1.47508
74.2 1.48438
74.25 1.49254
74.3 1.49951
74.35 1.5053
74.4 1.50988
74.45 1.51324
74.5 1.51537
74.55 1.51628
74.6 1.51595
74.65 1.51439
74.7 1.5116
74.75 1.50759
74.8 1.50236
74.85 1.49594
74.9 1.48834
74.95 1.47957
75 1.46965
75.05 1.45862
75.1 1.44649
75.15 1.4333
75.2 1.41907
75.25 1.40385
75.3 1.38767
75.35 1.37057
75.4 1.35259
75.45 1.33377
75.5 1.31417
75.55 1.29382
75.6 1.27278
75.65 1.2511
75.7 1.22883
75.75 1.20602
75.8 1.18274
75.85 1.15903
75.9 1.13497
75.95 1.11059
76 1.08597
76.05 1.06117
76.1 1.03624
76.15 1.01124
76.2 0.986247
76.25 0.96131
76.3 0.936492
76.35 0.911855
76.4 0.88746
76.45 0.863365
76.5 0.83963
76.55 0.816314
76.6 0.793473
76.65 0.771165
76.7 0.749443
76.75 0.728362
76.8 0.707972
76.85 0.688326
76.9 0.66947
76.95 0.651451
77 0.634315
77.05 0.618102
77.1 0.602854
77.15 0.588607
77.2 0.575397
77.25 0.563257
77.3 0.552216
77.35 0.542302
77.4 0.53354
77.45 0.52595
77.5 0.519553
77.55 0.514363
77.6 0.510393
77.65 0.507654
77.7 0.506151
77.75 0.50589
77.8 0.50687
77.85 0.509089
77.9 0.512541
77.95 0.517219
78 0.523109
78.05 0.530199
78.1 0.53847
78.15 0.547901
78.2 0.558471
78.25 0.570151
78.3 0.582914
78.35 0.596729
78.4 0.61156
78.45 0.627371
78.5 0.644123
78.55 0.661776
78.6 0.680284
78.65 0.699604
78.7 0.719686
78.75 0.740482
78.8 0.761941
78.85 0.784009
78.9 0.806632
78.95 0.829755
79 0.85332
79.05 0.877271
79.1 0.901547
79.15 0.92609
79.2 0.950839
79.25 0.975733
79.3 1.00071
79.35 1.02571
79.4 1.05068
79.45 1.07554
79.5 1.10025
79.55 1.12473
79.6 1.14894
79.65 1.1728
79.7 1.19627
79.75 1.21928
79.8 1.24179
79.85 1.26372
79.9 1.28504
79.95 1.30569
80 1.32561
80.05 1.34476
80.1 1.3631
80.15 1.38058
80.2 1.39715
80.25 1.41278
80.3 1.42743
80.35 1.44106
80.4 1.45364
80.45 1.46514
80.5 1.47553
80.55 1.48478
80.6 1.49288
80.65 1.4998
80.7 1.50553
80.75 1.51006
80.8 1.51336
80.85 1.51544
80.9 1.51629
80.95 1.5159
81 1.51429
81.05 1.51144
81.1 1.50737
81.15 1.5021
81.2 1.49562
81.25 1.48796
81.3 1.47914
81.35 1.46917
81.4 1.45808
81.45 1.44591
81.5 1.43267
81.55 1.4184
81.6 1.40313
81.65 1.38691
81.7 1.36977
81.75 1.35175
81.8 1.33289
81.85 1.31325
81.9 1.29287
81.95 1.2718
82 1.25009
82.05 1.22779
82.1 1.20497
82.15 1.18166
82.2 1.15794
82.25 1.13385
82.3 1.10947
82.35 1.08484
82.4 1.06003
82.45 1.03509
82.5 1.0101
82.55 0.985102
82.6 0.960169
82.65 0.935358
82.7 0.910731
82.75 0.886348
82.8 0.862268
82.85 0.838551
82.9 0.815255
82.95 0.792438
83 0.770155
83.05 0.748462
83.1 0.727411
83.15 0.707055
83.2 0.687443
83.25 0.668625
83.3 0.650646
83.35 0.633551
83.4 0.617381
83.45 0.602178
83.5 0.587978
83.55 0.574817
83.6 0.562726
83.65 0.551737
83.7 0.541875
83.75 0.533166
83.8 0.525631
83.85 0.519288
83.9 0.514154
83.95 0.51024
84 0.507558
84.05 0.506112
84.1 0.505908
84.15 0.506944
84.2 0.50922
84.25 0.512729
84.3 0.517462
84.35 0.523408
84.4 0.530552
84.45 0.538877
84.5 0.548361
84.55 0.558982
84.6 0.570713
84.65 0.583525
84.7 0.597387
84.75 0.612264
84.8 0.628119
84.85 0.644914
84.9 0.662606
84.95 0.681153
85 0.700509
85.05 0.720625
85.1 0.741452
85.15 0.76294
85.2 0.785035
85.25 0.807682
85.3 0.830826
85.35 0.854411
85.4 0.878377
85.45 0.902667
85.5 0.927221
85.55 0.951978
85.6 0.976877
85.65 1.00186
85.7 1.02686
85.75 1.05182
85.8 1.07668
85.85 1.10138
85.9 1.12585
85.95 1.15004
86 1.17389
86.05 1.19734
86.1 1.22033
86.15 1.24281
86.2 1.26471
86.25 1.286
86.3 1.30662
86.35 1.32651
86.4 1.34562
86.45 1.36392
86.5 1.38136
86.55 1.39789
86.6 1.41348
86.65 1.42808
86.7 1.44166
86.75 1.45419
86.8 1.46564
86.85 1.47598
86.9 1.48518
86.95 1.49322
87 1.50009
87.05 1.50577
87.1 1.51023
87.15 1.51348
87.2 1.51551
87.25 1.5163
87.3 1.51586
87.35 1.51418
87.4 1.51128
87.45 1.50716
87.5 1.50182
87.55 1.49529
87.6 1.48758
87.65 1.4787
87.7 1.46868
87.75 1.45755
87.8 1.44532
87.85 1.43203
87.9 1.41772
87.95 1.40241
88 1.38614
88.05 1.36896
88.1 1.3509
88.15 1.33201
88.2 1.31233
88.25 1.29192
88.3 1.27082
88.35 1.24908
88.4 1.22676
88.45 1.20391
88.5 1.18058
88.55 1.15684
88.6 1.13274
88.65 1.10834
88.7 1.0837
88.75 1.05888
88.8 1.03395
88.85 1.00895
88.9 0.983957
88.95 0.959028
89 0.934224
89.05 0.909607
89.1 0.885236
89.15 0.861172
89.2 0.837473
89.25 0.814198
89.3 0.791404
89.35 0.769147
89.4 0.747482
89.45 0.726462
89.5 0.706139
89.55 0.686563
89.6 0.667782
89.65 0.649842
89.7 0.632789
89.75 0.616663
89.8 0.601505
89.85 0.587352
89.9 0.574239
89.95 0.562198
90 0.551259
90.05 0.54145
90.1 0.532794
90.15 0.525314
90.2 0.519026
90.25 0.513947
90.3 0.51009
90.35 0.507464
90.4 0.506076
90.45 0.505928
90.5 0.507022
90.55 0.509354
90.6 0.512919
90.65 0.517708
90.7 0.52371
90.75 0.530909
90.8 0.539287
90.85 0.548824
90.9 0.559496
90.95 0.571277
91 0.584138
91.05 0.598047
91.1 0.61297
91.15 0.628869
91.2 0.645706
91.25 0.663438
91.3 0.682023
91.35 0.701415
91.4 0.721565
91.45 0.742424
91.5 0.76394
91.55 0.786061
91.6 0.808733
91.65 0.831899
91.7 0.855502
91.75 0.879485
91.8 0.903788
91.85 0.928352
91.9 0.953117
91.95 0.978021
92 1.00301
92.05 1.02801
92.1 1.05296
92.15 1.07782
92.2 1.1025
92.25 1.12697
92.3 1.15114
92.35 1.17497
92.4 1.1984
92.45 1.22137
92.5 1.24382
92.55 1.2657
92.6 1.28696
92.65 1.30754
92.7 1.3274
92.75 1.34648
92.8 1.36474
92.85 1.38214
92.9 1.39863
92.95 1.41417
93 1.42872
93.05 1.44226
93.1 1.45474
93.15 1.46614
93.2 1.47642
93.25 1.48557
93.3 1.49357
93.35 1.50038
93.4 1.506
93.45 1.51041
93.5 1.5136
93.55 1.51557
93.6 1.5163
93.65 1.51581
93.7 1.51408
93.75 1.51112
93.8 1.50694
93.85 1.50155
93.9 1.49497
93.95 1.4872
94 1.47827
94.05 1.4682
94.1 1.45701
94.15 1.44474
94.2 1.4314
94.25 1.41704
94.3 1.40168
94.35 1.38537
94.4 1.36815
94.45 1.35005
94.5 1.33112
94.55 1.31141
94.6 1.29097
94.65 1.26983
94.7 1.24807
94.75 1.22572
94.8 1.20285
94.85 1.1795
94.9 1.15574
94.95 1.13163
95 1.10722
95.05 1.08257
95.1 1.05774
95.15 1.0328
95.2 1.0078
95.25 0.982812
95.3 0.957887
95.35 0.933091
95.4 0.908483
95.45 0.884125
95.5 0.860077
95.55 0.836396
95.6 0.813142
95.65 0.790371
95.7 0.76814
95.75 0.746503
95.8 0.725514
95.85 0.705224
95.9 0.685684
95.95 0.66694
96 0.64904
96.05 0.632028
96.1 0.615946
96.15 0.600833
96.2 0.586727
96.25 0.573663
96.3 0.561672
96.35 0.550785
96.4 0.541028
96.45 0.532426
96.5 0.524999
96.55 0.518767
96.6 0.513744
96.65 0.509943
96.7 0.507373
96.75 0.506042
96.8 0.505951
96.85 0.507102
96.9 0.509491
96.95 0.513112
97 0.517957
97.05 0.524014
97.1 0.531267
97.15 0.539699
97.2 0.549289
97.25 0.560012
97.3 0.571844
97.35 0.584753
97.4 0.59871
97.45 0.613678
97.5 0.629621
97.55 0.6465
97.6 0.664272
97.65 0.682895
97.7 0.702323
97.75 0.722506
97.8 0.743397
97.85 0.764942
97.9 0.78709
97.95 0.809785
98 0.832972
98.05 0.856594
98.1 0.880593
98.15 0.904909
98.2 0.929484
98.25 0.954256
98.3 0.979166
98.35 1.00415
98.4 1.02915
98.45 1.05411
98.5 1.07895
98.55 1.10363
98.6 1.12808
98.65 1.15224
98.7 1.17606
98.75 1.19947
98.8 1.22241
98.85 1.24484
98.9 1.26669
98.95 1.28792
99 1.30847
99.05 1.32829
99.1 1.34734
99.15 1.36556
99.2 1.38291
99.25 1.39936
99.3 1.41486
99.35 1.42937
99.4 1.44285
99.45 1.45529
99.5 1.46663
99.55 1.47687
99.6 1.48597
99.65 1.4939
99.7 1.50066
99.75 1.50623
99.8 1.51058
99.85 1.51372
99.9 1.51563
99.95 1.51631
100 1.51575
100.05 1.51397
100.1 1.51095
100.15 1.50672
100.2 1.50128
100.25 1.49463
100.3 1.48681
100.35 1.47783
100.4 1.46771
100.45 1.45647
100.5 1.44415
100.55 1.43076
100.6 1.41636
100.65 1.40096
100.7 1.3846
100.75 1.36734
100.8 1.3492
100.85 1.33024
100.9 1.31049
100.95 1.29001
101 1.26885
101.05 1.24706
101.1 1.22468
101.15 1.20179
101.2 1.17842
101.25 1.15465
101.3 1.13052
101.35 1.10609
101.4 1.08143
101.45 1.0566
101.5 1.03166
101.55 1.00666
101.6 0.981667
101.65 0.956747
101.7 0.931958
101.75 0.90736
101.8 0.883015
101.85 0.858982
101.9 0.83532
101.95 0.812087
102 0.78934
102.05 0.767135
102.1 0.745526
102.15 0.724568
102.2 0.704311
102.25 0.684806
102.3 0.666101
102.35 0.648241
102.4 0.63127
102.45 0.615232
102.5 0.600164
102.55 0.586105
102.6 0.573089
102.65 0.561148
102.7 0.550312
102.75 0.540608
102.8 0.532059
102.85 0.524687
102.9 0.51851
102.95 0.513543
103 0.509798
103.05 0.507285
103.1 0.50601
103.15 0.505977
103.2 0.507184
103.25 0.50963
103.3 0.513308
103.35 0.518209
103.4 0.524321
103.45 0.531628
103.5 0.540114
103.55 0.549756
103.6 0.560531
103.65 0.572412
103.7 0.585371
103.75 0.599374
103.8 0.614388
103.85 0.630375
103.9 0.647295
103.95 0.665108
104 0.683769
104.05 0.703232
104.1 0.723449
104.15 0.744371
104.2 0.765945
104.25 0.788119
104.3 0.810838
104.35 0.834046
104.4 0.857687
104.45 0.881701
104.5 0.906031
104.55 0.930616
104.6 0.955396
104.65 0.980311
104.7 1.0053
104.75 1.0303
104.8 1.05525
104.85 1.08009
104.9 1.10476
104.95 1.1292
105 1.15334
105.05 1.17714
105.1 1.20053
105.15 1.22345
105.2 1.24585
105.25 1.26768
105.3 1.28888
105.35 1.3094
105.4 1.32918
105.45 1.34819
105.5 1.36637
105.55 1.38369
105.6 1.40009
105.65 1.41554
105.7 1.43001
105.75 1.44345
105.8 1.45583
105.85 1.46713
105.9 1.47731
105.95 1.48636
106 1.49424
106.05 1.50094
106.1 1.50645
106.15 1.51075
106.2 1.51383
106.25 1.51569
106.3 1.51631
106.35 1.5157
106.4 1.51386
106.45 1.51079
106.5 1.5065
106.55 1.501
106.6 1.4943
106.65 1.48643
106.7 1.47739
106.75 1.46722
106.8 1.45593
106.85 1.44356
106.9 1.43013
106.95 1.41567
107 1.40023
107.05 1.38383
107.1 1.36652
107.15 1.34835
107.2 1.32935
107.25 1.30957
107.3 1.28906
107.35 1.26786
107.4 1.24604
107.45 1.22364
107.5 1.20072
107.55 1.17734
107.6 1.15355
107.65 1.1294
107.7 1.10497
107.75 1.0803
107.8 1.05546
107.85 1.03051
107.9 1.00551
107.95 0.980522
108 0.955607
108.05 0.930825
108.1 0.906238
108.15 0.881906
108.2 0.857888
108.25 0.834245
108.3 0.811032
108.35 0.788309
108.4 0.76613
108.45 0.744551
108.5 0.723623
108.55 0.7034
108.6 0.683931
108.65 0.665263
108.7 0.647443
108.75 0.630514
108.8 0.614519
108.85 0.599497
108.9 0.585485
108.95 0.572518
109 0.560627
109.05 0.549842
109.1 0.54019
109.15 0.531695
109.2 0.524377
109.25 0.518255
109.3 0.513344
109.35 0.509656
109.4 0.5072
109.45 0.505982
109.5 0.506005
109.55 0.507269
109.6 0.509772
109.65 0.513506
109.7 0.518463
109.75 0.52463
109.8 0.531992
109.85 0.540531
109.9 0.550225
109.95 0.561052
110 0.572983
110.05 0.58599
110.1 0.600041
110.15 0.6151
110.2 0.631131
110.25 0.648093
110.3 0.665946
110.35 0.684644
110.4 0.704143
110.45 0.724394
110.5 0.745346
110.55 0.766949
110.6 0.789149
110.65 0.811892
110.7 0.835121
110.75 0.85878
110.8 0.882811
110.85 0.907153
110.9 0.931749
110.95 0.956536
111 0.981455
111.05 1.00645
111.1 1.03144
111.15 1.05639
111.2 1.08122
111.25 1.10588
111.3 1.13031
111.35 1.15444
111.4 1.17822
111.45 1.20159
111.5 1.22449
111.55 1.24687
111.6 1.26867
111.65 1.28984
111.7 1.31032
111.75 1.33007
111.8 1.34904
111.85 1.36719
111.9 1.38446
111.95 1.40082
112 1.41623
112.05 1.43065
112.1 1.44404
112.15 1.45637
112.2 1.46762
112.25 1.47775
112.3 1.48674
112.35 1.49457
112.4 1.50122
112.45 1.50668
112.5 1.51092
112.55 1.51395
112.6 1.51574
112.65 1.51631
112.7 1.51564
112.75 1.51374
112.8 1.51062
112.85 1.50627
112.9 1.50072
112.95 1.49397
113 1.48604
113.05 1.47695
113.1 1.46672
113.15 1.45539
113.2 1.44296
113.25 1.42948
113.3 1.41498
113.35 1.3995
113.4 1.38306
113.45 1.36571
113.5 1.34749
113.55 1.32846
113.6 1.30864
113.65 1.2881
113.7 1.26688
113.75 1.24503
113.8 1.2226
113.85 1.19966
113.9 1.17626
113.95 1.15245
114 1.12829
114.05 1.10384
114.1 1.07916
114.15 1.05432
114.2 1.02936
114.25 1.00436
114.3 0.979377
114.35 0.954467
114.4 0.929693
114.45 0.905116
114.5 0.880797
114.55 0.856795
114.6 0.83317
114.65 0.809979
114.7 0.787279
114.75 0.765127
114.8 0.743576
114.85 0.72268
114.9 0.70249
114.95 0.683057
115 0.664427
115.05 0.646646
115.1 0.62976
115.15 0.613809
115.2 0.598832
115.25 0.584867
115.3 0.571949
115.35 0.560108
115.4 0.549375
115.45 0.539775
115.5 0.531334
115.55 0.52407
115.6 0.518003
115.65 0.513148
115.7 0.509516
115.75 0.507117
115.8 0.505956
115.85 0.506036
115.9 0.507357
115.95 0.509916
116 0.513706
116.05 0.518719
116.1 0.524941
116.15 0.532358
116.2 0.54095
116.25 0.550697
116.3 0.561575
116.35 0.573557
116.4 0.586612
116.45 0.60071
116.5 0.615814
116.55 0.631888
116.6 0.648893
116.65 0.666785
116.7 0.685522
116.75 0.705056
116.8 0.72534
116.85 0.746323
116.9 0.767955
116.95 0.790181
117 0.812947
117.05 0.836197
117.1 0.859875
117.15 0.88392
117.2 0.908276
117.25 0.932882
117.3 0.957677
117.35 0.9826
117.4 1.00759
117.45 1.03259
117.5 1.05753
117.55 1.08236
117.6 1.10701
117.65 1.13142
117.7 1.15554
117.75 1.1793
117.8 1.20265
117.85 1.22553
117.9 1.24788
117.95 1.26965
118 1.29079
118.05 1.31124
118.1 1.33096
118.15 1.34989
118.2 1.368
118.25 1.38523
118.3 1.40155
118.35 1.41691
118.4 1.43128
118.45 1.44463
118.5 1.45691
118.55 1.46811
118.6 1.47819
118.65 1.48713
118.7 1.4949
118.75 1.5015
118.8 1.5069
118.85 1.51109
118.9 1.51406
118.95 1.5158
119 1.5163
119.05 1.51558
119.1 1.51362
119.15 1.51044
119.2 1.50604
119.25 1.50043
119.3 1.49363
119.35 1.48565
119.4 1.47651
119.45 1.46623
119.5 1.45484
119.55 1.44237
119.6 1.42884
119.65 1.41429
119.7 1.39876
119.75 1.38228
119.8 1.36489
119.85 1.34664
119.9 1.32756
119.95 1.30772
120 1.28714
120.05 1.26589
120.1 1.24401
120.15 1.22156
120.2 1.1986
120.25 1.17517
120.3 1.15135
120.35 1.12717
120.4 1.10271
120.45 1.07803
120.5 1.05317
120.55 1.02822
120.6 1.00322
120.65 0.978233
120.7 0.953327
120.75 0.928561
120.8 0.903995
120.85 0.879689
120.9 0.855703
120.95 0.832097
121 0.808927
121.05 0.786251
121.1 0.764125
121.15 0.742603
121.2 0.721738
121.25 0.701582
121.3 0.682184
121.35 0.663592
121.4 0.645852
121.45 0.629007
121.5 0.6131
121.55 0.598169
121.6 0.584252
121.65 0.571382
121.7 0.559591
121.75 0.548909
121.8 0.539363
121.85 0.530975
121.9 0.523766
121.95 0.517754
122 0.512955
122.05 0.509379
122.1 0.507036
122.15 0.505932
122.2 0.506069
122.25 0.507447
122.3 0.510063
122.35 0.51391
122.4 0.518978
122.45 0.525255
122.5 0.532726
122.55 0.541372
122.6 0.551172
122.65 0.562101
122.7 0.574132
122.75 0.587236
122.8 0.601381
122.85 0.61653
122.9 0.632648
122.95 0.649694
123 0.667626
123.05 0.6864
123.1 0.70597
123.15 0.726287
123.2 0.747301
123.25 0.768961
123.3 0.791213
123.35 0.814003
123.4 0.837274
123.45 0.86097
123.5 0.885031
123.55 0.9094
123.6 0.934015
123.65 0.958817
123.7 0.983745
123.75 1.00874
123.8 1.03374
123.85 1.05867
123.9 1.08349
123.95 1.10814
124 1.13254
124.05 1.15664
124.1 1.18038
124.15 1.20371
124.2 1.22657
124.25 1.24889
124.3 1.27064
124.35 1.29174
124.4 1.31216
124.45 1.33185
124.5 1.35074
124.55 1.36881
124.6 1.386
124.65 1.40227
124.7 1.41759
124.75 1.43192
124.8 1.44521
124.85 1.45745
124.9 1.4686
124.95 1.47862
125 1.48751
125.05 1.49523
125.1 1.50177
125.15 1.50712
125.2 1.51125
125.25 1.51416
125.3 1.51585
125.35 1.5163
125.4 1.51552
125.45 1.51351
125.5 1.51027
125.55 1.50581
125.6 1.50015
125.65 1.49329
125.7 1.48525
125.75 1.47606
125.8 1.46573
125.85 1.45429
125.9 1.44177
125.95 1.4282
126 1.4136
126.05 1.39803
126.1 1.3815
126.15 1.36407
126.2 1.34578
126.25 1.32667
126.3 1.30679
126.35 1.28618
126.4 1.2649
126.45 1.24299
126.5 1.22052
126.55 1.19753
126.6 1.17409
126.65 1.15024
126.7 1.12606
126.75 1.10158
126.8 1.07689
126.85 1.05203
126.9 1.02707
126.95 1.00207
127 0.977088
127.05 0.952188
127.1 0.927429
127.15 0.902874
127.2 0.878582
127.25 0.854612
127.3 0.831024
127.35 0.807876
127.4 0.785224
127.45 0.763124
127.5 0.741632
127.55 0.720798
127.6 0.700676
127.65 0.681314
127.7 0.66276
127.75 0.64506
127.8 0.628257
127.85 0.612394
127.9 0.597509
127.95 0.583638
128 0.570817
128.05 0.559077
128.1 0.548447
128.15 0.538953
128.2 0.530618
128.25 0.523464
128.3 0.517507
128.35 0.512764
128.4 0.509245
128.45 0.506959
128.5 0.505911
128.55 0.506105
128.6 0.50754
128.65 0.510212
128.7 0.514115
128.75 0.51924
128.8 0.525572
128.85 0.533097
128.9 0.541796
128.95 0.551648
129 0.562629
129.05 0.57471
129.1 0.587862
129.15 0.602054
129.2 0.617249
129.25 0.63341
129.3 0.650497
129.35 0.668469
129.4 0.687281
129.45 0.706886
129.5 0.727236
129.55 0.748281
129.6 0.769969
129.65 0.792247
129.7 0.81506
129.75 0.838352
129.8 0.862066
129.85 0.886142
129.9 0.910523
129.95 0.935149
130 0.959958
130.05 0.984891
130.1 1.00989
130.15 1.03488
130.2 1.05982
130.25 1.08463
130.3 1.10926
130.35 1.13365
130.4 1.15774
130.45 1.18146
130.5 1.20477
130.55 1.2276
130.6 1.2499
130.65 1.27162
130.7 1.2927
130.75 1.31308
130.8 1.33273
130.85 1.35159
130.9 1.36962
130.95 1.38677
131 1.403
131.05 1.41827
131.1 1.43255
131.15 1.4458
131.2 1.45799
131.25 1.46908
131.3 1.47906
131.35 1.48789
131.4 1.49556
131.45 1.50205
131.5 1.50733
131.55 1.51141
131.6 1.51427
131.65 1.51589
131.7 1.51629
131.75 1.51545
131.8 1.51338
131.85 1.51009
131.9 1.50558
131.95 1.49986
132 1.49295
132.05 1.48486
132.1 1.47561
132.15 1.46523
132.2 1.45374
132.25 1.44117
132.3 1.42755
132.35 1.41291
132.4 1.39729
132.45 1.38072
132.5 1.36325
132.55 1.34492
132.6 1.32578
132.65 1.30586
132.7 1.28522
132.75 1.26391
132.8 1.24197
132.85 1.21948
132.9 1.19647
132.95 1.173
133 1.14914
133.05 1.12494
133.1 1.10046
133.15 1.07575
133.2 1.05089
133.25 1.02593
133.3 1.00092
133.35 0.975944
133.4 0.951049
133.45 0.926298
133.5 0.901754
133.55 0.877475
133.6 0.853521
133.65 0.829952
133.7 0.806826
133.75 0.784198
133.8 0.762125
133.85 0.740661
133.9 0.719859
133.95 0.699771
134 0.680445
134.05 0.661929
134.1 0.644269
134.15 0.627509
134.2 0.611689
134.25 0.59685
134.3 0.583027
134.35 0.570255
134.4 0.558565
134.45 0.547986
134.5 0.538545
134.55 0.530264
134.6 0.523164
134.65 0.517263
134.7 0.512576
134.75 0.509113
134.8 0.506883
134.85 0.505893
134.9 0.506144
134.95 0.507636
135 0.510365
135.05 0.514324
135.1 0.519504
135.15 0.525891
135.2 0.533471
135.25 0.542223
135.3 0.552127
135.35 0.563159
135.4 0.57529
135.45 0.588491
135.5 0.602729
135.55 0.617969
135.6 0.634174
135.65 0.651303
135.7 0.669314
135.75 0.688163
135.8 0.707803
135.85 0.728186
135.9 0.749262
135.95 0.770978
136 0.793282
136.05 0.816118
136.1 0.839431
136.15 0.863162
136.2 0.887254
136.25 0.911648
136.3 0.936283
136.35 0.961099
136.4 0.986036
136.45 1.01103
136.5 1.03603
136.55 1.06096
136.6 1.08576
136.65 1.11038
136.7 1.13476
136.75 1.15883
136.8 1.18254
136.85 1.20583
136.9 1.22864
136.95 1.25091
137 1.2726
137.05 1.29365
137.1 1.314
137.15 1.33361
137.2 1.35244
137.25 1.37042
137.3 1.38753
137.35 1.40372
137.4 1.41895
137.45 1.43318
137.5 1.44638
137.55 1.45852
137.6 1.46956
137.65 1.47949
137.7 1.48827
137.75 1.49588
137.8 1.50231
137.85 1.50755
137.9 1.51157
137.95 1.51437
138 1.51594
138.05 1.51628
138.1 1.51538
138.15 1.51326
138.2 1.50991
138.25 1.50534
138.3 1.49957
138.35 1.4926
138.4 1.48446
138.45 1.47516
138.5 1.46473
138.55 1.45319
138.6 1.44057
138.65 1.4269
138.7 1.41222
138.75 1.39655
138.8 1.37994
138.85 1.36243
138.9 1.34406
138.95 1.32488
139 1.30493
139.05 1.28425
139.1 1.26291
139.15 1.24095
139.2 1.21843
139.25 1.1954
139.3 1.17192
139.35 1.14804
139.4 1.12382
139.45 1.09933
139.5 1.07462
139.55 1.04975
139.6 1.02478
139.65 0.999777
139.7 0.9748
139.75 0.94991
139.8 0.925168
139.85 0.900634
139.9 0.876369
139.95 0.852432
140 0.828882
140.05 0.805777
140.1 0.783173
140.15 0.761127
140.2 0.739692
140.25 0.718922
140.3 0.698867
140.35 0.679577
140.4 0.6611
140.45 0.64348
140.5 0.626762
140.55 0.610987
140.6 0.596194
140.65 0.582418
140.7 0.569695
140.75 0.558055
140.8 0.547528
140.85 0.538139
140.9 0.529912
140.95 0.522867
141 0.517022
141.05 0.51239
141.1 0.508983
141.15 0.506811
141.2 0.505877
141.25 0.506185
141.3 0.507734
141.35 0.510519
141.4 0.514535
141.45 0.51977
141.5 0.526213
141.55 0.533846
141.6 0.542652
141.65 0.552609
141.7 0.563691
141.75 0.575872
141.8 0.589121
141.85 0.603406
141.9 0.618691
141.95 0.634939
142 0.65211
142.05 0.67016
142.1 0.689047
142.15 0.708722
142.2 0.729138
142.25 0.750244
142.3 0.771989
142.35 0.794318
142.4 0.817177
142.45 0.84051
142.5 0.86426
142.55 0.888367
142.6 0.912773
142.65 0.937418
142.7 0.962241
142.75 0.987182
142.8 1.01218
142.85 1.03717
142.9 1.0621
142.95 1.0869
143 1.11151
143.05 1.13587
143.1 1.15993
143.15 1.18362
143.2 1.20688
143.25 1.22967
143.3 1.25192
143.35 1.27358
143.4 1.29459
143.45 1.31492
143.5 1.33449
143.55 1.35328
143.6 1.37123
143.65 1.38829
143.7 1.40444
143.75 1.41962
143.8 1.43381
143.85 1.44696
143.9 1.45905
143.95 1.47004
144 1.47991
144.05 1.48864
144.1 1.4962
144.15 1.50258
144.2 1.50776
144.25 1.51172
144.3 1.51447
144.35 1.51598
144.4 1.51626
144.45 1.51531
144.5 1.51313
144.55 1.50973
144.6 1.5051
144.65 1.49927
144.7 1.49225
144.75 1.48406
144.8 1.47471
144.85 1.46422
144.9 1.45263
144.95 1.43996
145 1.42625
145.05 1.41152
145.1 1.39581
145.15 1.37916
145.2 1.36161
145.25 1.3432
145.3 1.32398
145.35 1.30399
145.4 1.28329
145.45 1.26192
145.5 1.23993
145.55 1.21739
145.6 1.19433
145.65 1.17083
145.7 1.14693
145.75 1.1227
145.8 1.0982
145.85 1.07348
145.9 1.0486
145.95 1.02363
146 0.99863
146.05 0.973656
146.1 0.948772
146.15 0.924038
146.2 0.899515
146.25 0.875263
146.3 0.851343
146.35 0.827812
146.4 0.804729
146.45 0.78215
146.5 0.76013
146.55 0.738725
146.6 0.717986
146.65 0.697966
146.7 0.678712
146.75 0.660273
146.8 0.642694
146.85 0.626018
146.9 0.610287
146.95 0.595539
147 0.581811
147.05 0.569137
147.1 0.557548
147.15 0.547072
147.2 0.537737
147.25 0.529563
147.3 0.522573
147.35 0.516783
147.4 0.512207
147.45 0.508857
147.5 0.506741
147.55 0.505864
147.6 0.506229
147.65 0.507835
147.7 0.510677
147.75 0.514748
147.8 0.520039
147.85 0.526537
147.9 0.534225
147.95 0.543084
148 0.553093
148.05 0.564226
148.1 0.576456
148.15 0.589754
148.2 0.604085
148.25 0.619416
148.3 0.635707
148.35 0.652919
148.4 0.671008
148.45 0.689932
148.5 0.709642
148.55 0.730091
148.6 0.751228
148.65 0.773
148.7 0.795355
148.75 0.818238
148.8 0.841591
148.85 0.865358
148.9 0.88948
148.95 0.913898
149 0.938553
149.05 0.963382
149.1 0.988327
149.15 1.01333
149.2 1.03832
149.25 1.06324
149.3 1.08803
149.35 1.11263
149.4 1.13698
149.45 1.16102
149.5 1.1847
149.55 1.20794
149.6 1.2307
149.65 1.25293
149.7 1.27456
149.75 1.29554
149.8 1.31583
149.85 1.33537
149.9 1.35412
149.95 1.37203
150 1.38906
150.05 1.40516
150.1 1.4203
150.15 1.43443
150.2 1.44754
150.25 1.45958
150.3 1.47052
150.35 1.48034
150.4 1.48901
150.45 1.49652
150.5 1.50284
150.55 1.50797
150.6 1.51188
150.65 1.51456
150.7 1.51602
150.75 1.51625
150.8 1.51524
150.85 1.513
150.9 1.50954
150.95 1.50486
151 1.49898
151.05 1.4919
151.1 1.48365
151.15 1.47425
151.2 1.46372
151.25 1.45208
151.3 1.43936
151.35 1.42559
151.4 1.41082
151.45 1.39507
151.5 1.37837
151.55 1.36078
151.6 1.34234
151.65 1.32308
151.7 1.30306
151.75 1.28232
151.8 1.26092
151.85 1.23891
151.9 1.21634
151.95 1.19327
152 1.16974
152.05 1.14583
152.1 1.12159
152.15 1.09707
152.2 1.07234
152.25 1.04746
152.3 1.02249
152.35 0.997484
152.4 0.972513
152.45 0.947634
152.5 0.922908
152.55 0.898396
152.6 0.874159
152.65 0.850255
152.7 0.826743
152.75 0.803682
152.8 0.781127
152.85 0.759135
152.9 0.737759
152.95 0.717052
153 0.697065
153.05 0.677848
153.1 0.659447
153.15 0.641909
153.2 0.625276
153.25 0.609589
153.3 0.594887
153.35 0.581207
153.4 0.568582
153.45 0.557043
153.5 0.546619
153.55 0.537336
153.6 0.529217
153.65 0.522281
153.7 0.516546
153.75 0.512026
153.8 0.508733
153.85 0.506674
153.9 0.505854
153.95 0.506276
154 0.507938
154.05 0.510837
154.1 0.514964
154.15 0.520311
154.2 0.526864
154.25 0.534606
154.3 0.543518
154.35 0.553579
154.4 0.564763
154.45 0.577043
154.5 0.590389
154.55 0.604767
154.6 0.620142
154.65 0.636476
154.7 0.653729
154.75 0.671858
154.8 0.690819
154.85 0.710564
154.9 0.731046
154.95 0.752213
155 0.774013
155.05 0.796394
155.1 0.819299
155.15 0.842672
155.2 0.866457
155.25 0.890594
155.3 0.915024
155.35 0.939688
155.4 0.964524
155.45 0.989473
155.5 1.01447
155.55 1.03946
155.6 1.06438
155.65 1.08916
155.7 1.11375
155.75 1.13809
155.8 1.16212
155.85 1.18577
155.9 1.209
155.95 1.23173
156 1.25393
156.05 1.27553
156.1 1.29649
156.15 1.31674
156.2 1.33625
156.25 1.35496
156.3 1.37283
156.35 1.38981
156.4 1.40587
156.45 1.42097
156.5 1.43506
156.55 1.44811
156.6 1.4601
156.65 1.47099
156.7 1.48076
156.75 1.48938
156.8 1.49684
156.85 1.50311
156.9 1.50817
156.95 1.51203
157 1.51466
157.05 1.51606
157.1 1.51623
157.15 1.51516
157.2 1.51287
157.25 1.50935
157.3 1.50462
157.35 1.49868
157.4 1.49155
157.45 1.48325
157.5 1.47379
157.55 1.46321
157.6 1.45152
157.65 1.43875
157.7 1.42494
157.75 1.41012
157.8 1.39432
157.85 1.37759
157.9 1.35995
157.95 1.34147
158 1.32218
158.05 1.30212
158.1 1.28136
158.15 1.25993
158.2 1.23789
158.25 1.21529
158.3 1.1922
158.35 1.16865
158.4 1.14473
158.45 1.12047
158.5 1.09594
158.55 1.0712
158.6 1.04632
158.65 1.02134
158.7 0.996338
158.75 0.971369
158.8 0.946496
158.85 0.921779
158.9 0.897278
158.95 0.873055
159 0.849167
159.05 0.825675
159.1 0.802636
159.15 0.780106
159.2 0.758141
159.25 0.736794
159.3 0.716119
159.35 0.696167
159.4 0.676986
159.45 0.658624
159.5 0.641126
159.55 0.624535
159.6 0.608893
159.65 0.594237
159.7 0.580604
159.75 0.568029
159.8 0.55654
159.85 0.546168
159.9 0.536938
159.95 0.528873
160 0.521992
160.05 0.516312
160.1 0.511848
160.15 0.508611
160.2 0.506609
160.25 0.505846
160.3 0.506325
160.35 0.508044
160.4 0.510999
160.45 0.515183
160.5 0.520585
160.55 0.527193
160.6 0.534989
160.65 0.543954
160.7 0.554067
160.75 0.565302
160.8 0.577632
160.85 0.591026
160.9 0.60545
160.95 0.62087
161 0.637248
161.05 0.654542
161.1 0.67271
161.15 0.691708
161.2 0.711488
161.25 0.732002
161.3 0.753199
161.35 0.775027
161.4 0.797433
161.45 0.820361
161.5 0.843754
161.55 0.867556
161.6 0.891708
161.65 0.916151
161.7 0.940824
161.75 0.965667
161.8 0.990619
161.85 1.01562
161.9 1.04061
161.95 1.06552
162 1.0903
162.05 1.11488
162.1 1.1392
162.15 1.16321
162.2 1.18685
162.25 1.21005
162.3 1.23276
162.35 1.25494
162.4 1.27651
162.45 1.29743
162.5 1.31765
162.55 1.33713
162.6 1.3558
162.65 1.37363
162.7 1.39057
162.75 1.40659
162.8 1.42164
162.85 1.43568
162.9 1.44869
162.95 1.46063
163 1.47147
163.05 1.48118
163.1 1.48975
163.15 1.49715
163.2 1.50336
163.25 1.50838
163.3 1.51217
163.35 1.51475
163.4 1.51609
163.45 1.51621
163.5 1.51509
163.55 1.51274
163.6 1.50916
163.65 1.50437
163.7 1.49838
163.75 1.49119
163.8 1.48284
163.85 1.47333
163.9 1.46269
163.95 1.45095
164 1.43814
164.05 1.42428
164.1 1.40941
164.15 1.39357
164.2 1.3768
164.25 1.35913
164.3 1.3406
164.35 1.32127
164.4 1.30119
164.45 1.28039
164.5 1.25893
164.55 1.23686
164.6 1.21424
164.65 1.19113
164.7 1.16757
164.75 1.14362
164.8 1.11935
164.85 1.09481
164.9 1.07006
164.95 1.04517
165 1.02019
165.05 0.995191
165.1 0.970226
165.15 0.945358
165.2 0.92065
165.25 0.896161
165.3 0.871951
165.35 0.848081
165.4 0.824608
165.45 0.801591
165.5 0.779086
165.55 0.757148
165.6 0.735831
165.65 0.715188
165.7 0.69527
165.75 0.676126
165.8 0.657802
165.85 0.640345
165.9 0.623797
165.95 0.608199
166 0.593589
166.05 0.580004
166.1 0.567478
166.15 0.55604
166.2 0.54572
166.25 0.536543
166.3 0.528531
166.35 0.521705
166.4 0.516081
166.45 0.511673
166.5 0.508492
166.55 0.506547
166.6 0.505841
166.65 0.506376
166.7 0.508152
166.75 0.511164
166.8 0.515404
166.85 0.520862
166.9 0.527524
166.95 0.535375
167 0.544393
167.05 0.554558
167.1 0.565844
167.15 0.578223
167.2 0.591665
167.25 0.606136
167.3 0.621601
167.35 0.638021
167.4 0.655356
167.45 0.673564
167.5 0.692598
167.55 0.712413
167.6 0.732959
167.65 0.754187
167.7 0.776043
167.75 0.798473
167.8 0.821424
167.85 0.844838
167.9 0.868657
167.95 0.892823
168 0.917278
168.05 0.94196
168.1 0.966809
168.15 0.991765
168.2 1.01677
168.25 1.04175
168.3 1.06666
168.35 1.09143
168.4 1.116
168.45 1.14031
168.5 1.1643
168.55 1.18792
168.6 1.2111
168.65 1.23379
168.7 1.25594
168.75 1.27748
168.8 1.29838
168.85 1.31856
168.9 1.338
168.95 1.35664
169 1.37443
169.05 1.39133
169.1 1.4073
169.15 1.4223
169.2 1.4363
169.25 1.44926
169.3 1.46115
169.35 1.47194
169.4 1.4816
169.45 1.49012
169.5 1.49746
169.55 1.50362
169.6 1.50858
169.65 1.51232
169.7 1.51484
169.75 1.51613
169.8 1.51618
169.85 1.51501
169.9 1.5126
169.95 1.50897
170 1.50412
170.05 1.49807
170.1 1.49084
170.15 1.48243
170.2 1.47287
170.25 1.46218
170.3 1.45039
170.35 1.43753
170.4 1.42362
170.45 1.40871
170.5 1.39282
170.55 1.37601
170.6 1.35829
170.65 1.33973
170.7 1.32037
170.75 1.30025
170.8 1.27942
170.85 1.25793
170.9 1.23584
170.95 1.21319
171 1.19005
171.05 1.16647
171.1 1.14251
171.15 1.11823
171.2 1.09368
171.25 1.06892
171.3 1.04403
171.35 1.01905
171.4 0.994045
171.45 0.969083
171.5 0.944221
171.55 0.919522
171.6 0.895044
171.65 0.870849
171.7 0.846995
171.75 0.823542
171.8 0.800547
171.85 0.778067
171.9 0.756156
171.95 0.734869
172 0.714259
172.05 0.694375
172.1 0.675267
172.15 0.656982
172.2 0.639566
172.25 0.62306
172.3 0.607507
172.35 0.592944
172.4 0.579406
172.45 0.566929
172.5 0.555542
172.55 0.545274
172.6 0.53615
172.65 0.528192
172.7 0.52142
172.75 0.515852
172.8 0.5115
172.85 0.508376
172.9 0.506487
172.95 0.505838
173 0.506431
173.05 0.508263
173.1 0.511332
173.15 0.515628
173.2 0.521141
173.25 0.527859
173.3 0.535763
173.35 0.544835
173.4 0.555051
173.45 0.566388
173.5 0.578817
173.55 0.592306
173.6 0.606824
173.65 0.622333
173.7 0.638796
173.75 0.656172
173.8 0.674419
173.85 0.69349
173.9 0.71334
173.95 0.733918
174 0.755176
174.05 0.777059
174.1 0.799515
174.15 0.822488
174.2 0.845921
174.25 0.869758
174.3 0.893939
174.35 0.918405
174.4 0.943096
174.45 0.967952
174.5 0.992911
174.55 1.01791
174.6 1.04289
174.65 1.0678
174.7 1.09256
174.75 1.11712
174.8 1.14142
174.85 1.16539
174.9 1.18899
174.95 1.21215
175 1.23482
175.05 1.25694
175.1 1.27846
175.15 1.29932
175.2 1.31947
175.25 1.33887
175.3 1.35747
175.35 1.37522
175.4 1.39208
175.45 1.40801
175.5 1.42297
175.55 1.43692
175.6 1.44983
175.65 1.46167
175.7 1.47241
175.75 1.48202
175.8 1.49048
175.85 1.49777
175.9 1.50387
175.95 1.50878
176 1.51246
176.05 1.51492
176.1 1.51616
176.15 1.51615
176.2 1.51492
176.25 1.51246
176.3 1.50877
176.35 1.50387
176.4 1.49777
176.45 1.49048
176.5 1.48201
176.55 1.4724
176.6 1.46166
176.65 1.44982
176.7 1.43691
176.75 1.42296
176.8 1.408
176.85 1.39207
176.9 1.37521
176.95 1.35746
177 1.33886
177.05 1.31946
177.1 1.29931
177.15 1.27845
177.2 1.25693
177.25 1.23481
177.3 1.21214
177.35 1.18898
177.4 1.16538
177.45 1.14141
177.5 1.11711
177.55 1.09255
177.6 1.06779
177.65 1.04288
177.7 1.0179
177.75 0.992899
177.8 0.96794
177.85 0.943085
177.9 0.918394
177.95 0.893928
178 0.869747
178.05 0.845911
178.1 0.822477
178.15 0.799505
178.2 0.777049
178.25 0.755166
178.3 0.733909
178.35 0.71333
178.4 0.693481
178.45 0.67441
178.5 0.656164
178.55 0.638789
178.6 0.622326
178.65 0.606817
178.7 0.5923
178.75 0.578811
178.8 0.566383
178.85 0.555047
178.9 0.54483
178.95 0.535759
179 0.527855
179.05 0.521139
179.1 0.515626
179.15 0.51133
179.2 0.508262
179.25 0.50643
179.3 0.505838
179.35 0.506488
179.4 0.508377
179.45 0.511502
179.5 0.515854
179.55 0.521423
179.6 0.528195
179.65 0.536153
179.7 0.545278
179.75 0.555547
179.8 0.566935
179.85 0.579412
179.9 0.59295
179.95 0.607514
180 0.623068
180.05 0.639574
180.1 0.656991
180.15 0.675276
180.2 0.694384
180.25 0.714268
180.3 0.734879
180.35 0.756166
180.4 0.778077
180.45 0.800558
180.5 0.823553
180.55 0.847006
180.6 0.87086
180.65 0.895055
180.7 0.919533
180.75 0.944233
180.8 0.969094
180.85 0.994057
180.9 1.01906
180.95 1.04404
181 1.06894
181.05 1.09369
181.1 1.11824
181.15 1.14252
181.2 1.16649
181.25 1.19007
181.3 1.2132
181.35 1.23585
181.4 1.25794
181.45 1.27943
181.5 1.30026
181.55 1.32038
181.6 1.33974
181.65 1.3583
181.7 1.37601
181.75 1.39283
181.8 1.40872
181.85 1.42363
181.9 1.43753
181.95 1.45039
182 1.46218
182.05 1.47287
182.1 1.48243
182.15 1.49084
182.2 1.49808
182.25 1.50413
182.3 1.50897
182.35 1.5126
182.4 1.51501
182.45 1.51618
182.5 1.51613
182.55 1.51484
182.6 1.51232
182.65 1.50857
182.7 1.50362
182.75 1.49746
182.8 1.49011
182.85 1.4816
182.9 1.47193
182.95 1.46114
183 1.44925
183.05 1.43629
183.1 1.4223
183.15 1.40729
183.2 1.39132
183.25 1.37442
183.3 1.35663
183.35 1.33799
183.4 1.31855
183.45 1.29837
183.5 1.27747
183.55 1.25593
183.6 1.23378
183.65 1.21109
183.7 1.18791
183.75 1.16429
183.8 1.1403
183.85 1.11599
183.9 1.09142
183.95 1.06665
184 1.04174
184.05 1.01675
184.1 0.991753
184.15 0.966798
184.2 0.941948
184.25 0.917266
184.3 0.892812
184.35 0.868646
184.4 0.844827
184.45 0.821413
184.5 0.798463
184.55 0.776033
184.6 0.754177
184.65 0.73295
184.7 0.712404
184.75 0.692589
184.8 0.673555
184.85 0.655348
184.9 0.638013
184.95 0.621594
185 0.606129
185.05 0.591659
185.1 0.578217
185.15 0.565839
185.2 0.554553
185.25 0.544389
185.3 0.535371
185.35 0.527521
185.4 0.520859
185.45 0.515402
185.5 0.511162
185.55 0.508151
185.6 0.506376
185.65 0.505841
185.7 0.506547
185.75 0.508494
185.8 0.511675
185.85 0.516083
185.9 0.521708
185.95 0.528534
186 0.536547
186.05 0.545724
186.1 0.556045
186.15 0.567483
186.2 0.58001
186.25 0.593596
186.3 0.608206
186.35 0.623804
186.4 0.640353
186.45 0.65781
186.5 0.676134
186.55 0.695279
186.6 0.715198
186.65 0.735841
186.7 0.757158
186.75 0.779096
186.8 0.801601
186.85 0.824619
186.9 0.848092
186.95 0.871962
187 0.896172
187.05 0.920661
187.1 0.94537
187.15 0.970237
187.2 0.995203
187.25 1.02021
187.3 1.04518
187.35 1.07008
187.4 1.09482
187.45 1.11936
187.5 1.14363
187.55 1.16758
187.6 1.19114
187.65 1.21425
187.7 1.23687
187.75 1.25894
187.8 1.2804
187.85 1.3012
187.9 1.32128
187.95 1.34061
188 1.35913
188.05 1.3768
188.1 1.39358
188.15 1.40942
188.2 1.42429
188.25 1.43815
188.3 1.45096
188.35 1.4627
188.4 1.47333
188.45 1.48284
