0	1	1	1
0.05	1	1.02499	1.02512
0.1	1	1.04992	1.05043
0.15	1	1.07472	1.0759
0.2	1	1.09933	1.10147
0.25	1	1.1237	1.12708
0.3	1	1.14776	1.1527
0.35	1	1.17145	1.17826
0.4	1	1.19471	1.20373
0.45	1	1.21748	1.22905
0.5	1	1.23971	1.25418
0.55	1	1.26134	1.27906
0.6	1	1.28232	1.30365
0.65	1	1.30259	1.32792
0.7	1	1.32211	1.3518
0.75	1	1.34082	1.37526
0.8	1	1.35868	1.39825
0.85	1	1.37564	1.42074
0.9	1	1.39166	1.44268
0.95	1	1.40671	1.46403
1	1	1.42074	1.48476
1.05	1	1.43371	1.50483
1.1	1	1.4456	1.5242
1.15	1	1.45638	1.54285
1.2	1	1.46602	1.56073
1.25	1	1.47449	1.57782
1.3	1	1.48178	1.59408
1.35	1	1.48786	1.6095
1.4	1	1.49272	1.62404
1.45	1	1.49636	1.63768
1.5	1	1.49875	1.6504
1.55	1	1.49989	1.66217
1.6	1	1.49979	1.67298
1.65	1	1.49843	1.68281
1.7	1	1.49583	1.69163
1.75	1	1.49199	1.69944
1.8	1	1.48692	1.70623
1.85	1	1.48064	1.71198
1.9	1	1.47315	1.71668
1.95	1	1.46448	1.72033
2	1	1.45465	1.72291
2.05	1	1.44368	1.72443
2.1	1	1.4316	1.72489
2.15	1	1.41845	1.72427
2.2	1	1.40425	1.72259
2.25	1	1.38904	1.71984
2.3	1	1.37285	1.71604
2.35	1	1.35574	1.71117
2.4	1	1.33773	1.70527
2.45	1	1.31888	1.69833
2.5	1	1.29924	1.69036
2.55	1	1.27884	1.68138
2.6	1	1.25775	1.67141
2.65	1	1.23602	1.66045
2.7	1	1.21369	1.64853
2.75	1	1.19083	1.63568
2.8	1	1.16749	1.6219
2.85	1	1.14374	1.60722
2.9	1	1.11962	1.59167
2.95	1	1.09521	1.57528
3	1	1.07056	1.55807
3.05	1	1.04573	1.54007
3.1	1	1.02079	1.52131
3.15	1	0.995796	1.50183
3.2	1	0.970813	1.48166
3.25	1	0.945902	1.46083
3.3	1	0.921127	1.43939
3.35	1	0.896549	1.41736
3.4	1	0.872229	1.3948
3.45	1	0.848229	1.37173
3.5	1	0.824608	1.3482
3.55	1	0.801426	1.32426
3.6	1	0.77874	1.29995
3.65	1	0.756607	1.27531
3.7	1	0.735082	1.25038
3.75	1	0.714219	1.22523
3.8	1	0.694071	1.19988
3.85	1	0.674687	1.17439
3.9	1	0.656117	1.14882
3.95	1	0.638406	1.1232
4	1	0.621599	1.09759
4.05	1	0.605737	1.07203
4.1	1	0.590861	1.04659
4.15	1	0.577008	1.0213
4.2	1	0.564212	0.996214
4.25	1	0.552505	0.97139
4.3	1	0.541917	0.946873
4.35	1	0.532474	0.922713
4.4	1	0.524199	0.898959
4.45	1	0.517113	0.875659
4.5	1	0.511235	0.852862
4.55	1	0.506578	0.830615
4.6	1	0.503154	0.808963
4.65	1	0.500973	0.787953
4.7	1	0.500038	0.767628
4.75	1	0.500354	0.74803
4.8	1	0.501918	0.729203
4.85	1	0.504727	0.711185
4.9	1	0.508774	0.694016
4.95	1	0.514048	0.677732
5	1	0.520538	0.662369
5.05	1	0.528226	0.647958
5.1	1	0.537093	0.634533
5.15	1	0.547117	0.622122
5.2	1	0.558273	0.610752
5.25	1	0.570533	0.600449
5.3	1	0.583866	0.591234
5.35	1	0.59824	0.583128
5.4	1	0.613618	0.57615
5.45	1	0.629961	0.570313
5.5	1	0.64723	0.565633
5.55	1	0.66538	0.562117
5.6	1	0.684367	0.559775
5.65	1	0.704142	0.558612
5.7	1	0.724657	0.55863
5.75	1	0.74586	0.55983
5.8	1	0.767699	0.562208
5.85	1	0.790118	0.565759
5.9	1	0.813062	0.570476
5.95	1	0.836473	0.576347
6	1	0.860292	0.583361
6.05	1	0.884461	0.591501
6.1	1	0.908919	0.600749
6.15	1	0.933604	0.611086
6.2	1	0.958455	0.622488
6.25	1	0.98341	0.634931
6.3	1	1.00841	0.648387
6.35	1	1.03338	0.662827
6.4	1	1.05827	0.678219
6.45	1	1.08302	0.694531
6.5	1	1.10756	0.711727
6.55	1	1.13183	0.72977
6.6	1	1.15577	0.748621
6.65	1	1.17932	0.768242
6.7	1	1.20242	0.788588
6.75	1	1.22502	0.809619
6.8	1	1.24706	0.83129
6.85	1	1.26847	0.853555
6.9	1	1.28922	0.876368
6.95	1	1.30924	0.899682
7	1	1.32849	0.923449
7.05	1	1.34692	0.947621
7.1	1	1.36448	0.972149
7.15	1	1.38114	0.996982
7.2	1	1.39683	1.02207
7.25	1	1.41154	1.04737
7.3	1	1.42522	1.07282
7.35	1	1.43783	1.09837
7.4	1	1.44935	1.12399
7.45	1	1.45975	1.1496
7.5	1	1.469	1.17518
7.55	1	1.47708	1.20066
7.6	1	1.48396	1.226
7.65	1	1.48963	1.25115
7.7	1	1.49408	1.27607
7.75	1	1.4973	1.3007
7.8	1	1.49927	1.325
7.85	1	1.5	1.34893
7.9	1	1.49947	1.37245
7.95	1	1.4977	1.3955
8	1	1.49468	1.41805
8.05	1	1.49042	1.44006
8.1	1	1.48494	1.46148
8.15	1	1.47825	1.48229
8.2	1	1.47037	1.50244
8.25	1	1.4613	1.5219
8.3	1	1.45109	1.54063
8.35	1	1.43974	1.55861
8.4	1	1.4273	1.5758
8.45	1	1.41379	1.59216
8.5	1	1.39924	1.60769
8.55	1	1.3837	1.62233
8.6	1	1.3672	1.63608
8.65	1	1.34978	1.64891
8.7	1	1.33148	1.6608
8.75	1	1.31236	1.67173
8.8	1	1.29246	1.68167
8.85	1	1.27182	1.69062
8.9	1	1.25051	1.69855
8.95	1	1.22857	1.70547
9	1	1.20606	1.71134
9.05	1	1.18303	1.71617
9.1	1	1.15955	1.71994
9.15	1	1.13567	1.72266
9.2	1	1.11144	1.72431
9.25	1	1.08694	1.72489
9.3	1	1.06223	1.7244
9.35	1	1.03735	1.72285
9.4	1	1.01239	1.72023
9.45	1	0.98739	1.71655
9.5	1	0.962424	1.71182
9.55	1	0.937552	1.70604
9.6	1	0.912837	1.69922
9.65	1	0.888339	1.69138
9.7	1	0.86412	1.68252
9.75	1	0.84024	1.67266
9.8	1	0.81676	1.66183
9.85	1	0.793738	1.65002
9.9	1	0.771232	1.63728
9.95	1	0.749297	1.62361
10	1	0.727989	1.60904
10.05	1	0.707361	1.5936
10.1	1	0.687465	1.5773
10.15	1	0.668349	1.56019
10.2	1	0.650063	1.54229
10.25	1	0.632651	1.52362
10.3	1	0.616157	1.50422
10.35	1	0.600623	1.48413
10.4	1	0.586087	1.46338
10.45	1	0.572585	1.44201
10.5	1	0.560152	1.42005
10.55	1	0.548818	1.39755
10.6	1	0.538612	1.37454
10.65	1	0.529559	1.35107
10.7	1	0.521682	1.32718
10.75	1	0.515001	1.3029
10.8	1	0.509532	1.2783
10.85	1	0.505289	1.25341
10.9	1	0.502282	1.22828
10.95	1	0.500519	1.20295
11	1	0.500005	1.17748
11.05	1	0.50074	1.15191
11.1	1	0.502724	1.12629
11.15	1	0.50595	1.10068
11.2	1	0.510411	1.07512
11.25	1	0.516096	1.04965
11.3	1	0.52299	1.02434
11.35	1	0.531077	0.999232
11.4	1	0.540336	0.974374
11.45	1	0.550743	0.949817
11.5	1	0.562274	0.925611
11.55	1	0.574899	0.901805
11.6	1	0.588586	0.878448
11.65	1	0.603301	0.855588
11.7	1	0.619008	0.833272
11.75	1	0.635668	0.811546
11.8	1	0.653237	0.790455
11.85	1	0.671674	0.770045
11.9	1	0.690931	0.750358
11.95	1	0.710961	0.731435
12	1	0.731714	0.713318
12.05	1	0.753136	0.696044
12.1	1	0.775176	0.679651
12.15	1	0.797778	0.664175
12.2	1	0.820885	0.649648
12.25	1	0.84444	0.636102
12.3	1	0.868384	0.623567
12.35	1	0.892657	0.61207
12.4	1	0.917198	0.601636
12.45	1	0.941946	0.592289
12.5	1	0.966839	0.584048
12.55	1	0.991815	0.576932
12.6	1	1.01681	0.570957
12.65	1	1.04177	0.566136
12.7	1	1.06662	0.56248
12.75	1	1.0913	0.559996
12.8	1	1.11575	0.55869
12.85	1	1.13992	0.558566
12.9	1	1.16374	0.559622
12.95	1	1.18714	0.561858
13	1	1.21008	0.565268
13.05	1	1.2325	0.569844
13.1	1	1.25433	0.575577
13.15	1	1.27553	0.582453
13.2	1	1.29604	0.590458
13.25	1	1.31581	0.599574
13.3	1	1.33478	0.60978
13.35	1	1.35293	0.621055
13.4	1	1.37019	0.633373
13.45	1	1.38652	0.646708
13.5	1	1.40189	0.661031
13.55	1	1.41626	0.67631
13.6	1	1.42958	0.692513
13.65	1	1.44183	0.709604
13.7	1	1.45298	0.727546
13.75	1	1.46299	0.746302
13.8	1	1.47185	0.765832
13.85	1	1.47953	0.786093
13.9	1	1.486	0.807044
13.95	1	1.49127	0.828639
14	1	1.4953	0.850835
14.05	1	1.4981	0.873584
14.1	1	1.49965	0.896841
14.15	1	1.49996	0.920556
14.2	1	1.49901	0.944681
14.25	1	1.49682	0.969168
14.3	1	1.49339	0.993967
14.35	1	1.48872	1.01903
14.4	1	1.48283	1.0443
14.45	1	1.47573	1.06974
14.5	1	1.46745	1.09528
14.55	1	1.45799	1.12089
14.6	1	1.4474	1.14651
14.65	1	1.43568	1.17209
14.7	1	1.42287	1.19759
14.75	1	1.40901	1.22295
14.8	1	1.39413	1.24813
14.85	1	1.37826	1.27307
14.9	1	1.36144	1.29774
14.95	1	1.34372	1.32209
15	1	1.32514	1.34606
15.05	1	1.30575	1.36963
15.1	1	1.2856	1.39274
15.15	1	1.26473	1.41535
15.2	1	1.2432	1.43743
15.25	1	1.22106	1.45893
15.3	1	1.19837	1.47981
15.35	1	1.17518	1.50004
15.4	1	1.15156	1.51959
15.45	1	1.12756	1.53841
15.5	1	1.10323	1.55648
15.55	1	1.07865	1.57376
15.6	1	1.05388	1.59023
15.65	1	1.02897	1.60586
15.7	1	1.00398	1.62061
15.75	1	0.978988	1.63447
15.8	1	0.954047	1.64741
15.85	1	0.92922	1.65942
15.9	1	0.904571	1.67046
15.95	1	0.88016	1.68052
16	1	0.856048	1.68959
16.05	1	0.832297	1.69765
16.1	1	0.808964	1.70469
16.15	1	0.786109	1.71069
16.2	1	0.763789	1.71564
16.25	1	0.742059	1.71954
16.3	1	0.720974	1.72238
16.35	1	0.700586	1.72416
16.4	1	0.680947	1.72487
16.45	1	0.662105	1.72452
16.5	1	0.644107	1.72309
16.55	1	0.626999	1.7206
16.6	1	0.610824	1.71705
16.65	1	0.595621	1.71245
16.7	1	0.581429	1.70679
16.75	1	0.568283	1.7001
16.8	1	0.556216	1.69238
16.85	1	0.545259	1.68364
16.9	1	0.535438	1.67391
16.95	1	0.526778	1.66319
17	1	0.519301	1.6515
17.05	1	0.513026	1.63887
17.1	1	0.507967	1.62531
17.15	1	0.504139	1.61085
17.2	1	0.50155	1.59551
17.25	1	0.500207	1.57932
17.3	1	0.500113	1.5623
17.35	1	0.501268	1.54449
17.4	1	0.50367	1.52591
17.45	1	0.507313	1.5066
17.5	1	0.512187	1.4866
17.55	1	0.51828	1.46592
17.6	1	0.525578	1.44463
17.65	1	0.534061	1.42274
17.7	1	0.543709	1.4003
17.75	1	0.554497	1.37735
17.8	1	0.566399	1.35393
17.85	1	0.579385	1.33008
17.9	1	0.593421	1.30585
17.95	1	0.608475	1.28129
18	1	0.624506	1.25643
18.05	1	0.641477	1.23132
18.1	1	0.659343	1.20602
18.15	1	0.678061	1.18056
18.2	1	0.697584	1.155
18.25	1	0.717862	1.12939
18.3	1	0.738846	1.10377
18.35	1	0.760482	1.0782
18.4	1	0.782717	1.05272
18.45	1	0.805495	1.02739
18.5	1	0.82876	1.00225
18.55	1	0.852452	0.977362
18.6	1	0.876513	0.952766
18.65	1	0.900883	0.928515
18.7	1	0.9255	0.904658
18.75	1	0.950304	0.881245
18.8	1	0.975232	0.858322
18.85	1	1.00022	0.835937
18.9	1	1.02521	0.814138
18.95	1	1.05014	0.792968
19	1	1.07494	0.772473
19.05	1	1.09955	0.752696
19.1	1	1.12392	0.733679
19.15	1	1.14797	0.715463
19.2	1	1.17166	0.698085
19.25	1	1.19491	0.681584
19.3	1	1.21768	0.665995
19.35	1	1.23991	0.651351
19.4	1	1.26153	0.637685
19.45	1	1.2825	0.625027
19.5	1	1.30277	0.613403
19.55	1	1.32228	0.602839
19.6	1	1.34098	0.59336
19.65	1	1.35883	0.584984
19.7	1	1.37579	0.577732
19.75	1	1.3918	0.571618
19.8	1	1.40684	0.566657
19.85	1	1.42086	0.562859
19.9	1	1.43382	0.560233
19.95	1	1.4457	0.558785
20	1	1.45647	0.558518
20.05	1	1.4661	0.559432
20.1	1	1.47456	0.561526
20.15	1	1.48184	0.564794
20.2	1	1.48791	0.56923
20.25	1	1.49276	0.574823
20.3	1	1.49638	0.581562
20.35	1	1.49876	0.589432
20.4	1	1.4999	0.598414
20.45	1	1.49978	0.60849
20.5	1	1.49841	0.619637
20.55	1	1.4958	0.631831
20.6	1	1.49195	0.645044
20.65	1	1.48687	0.659249
20.7	1	1.48058	0.674414
20.75	1	1.47308	0.690507
20.8	1	1.4644	0.707493
20.85	1	1.45456	0.725335
20.9	1	1.44358	0.743995
20.95	1	1.43149	0.763433
21	1	1.41833	0.783608
21.05	1	1.40412	0.804478
21.1	1	1.3889	0.825998
21.15	1	1.3727	0.848123
21.2	1	1.35558	0.870808
21.25	1	1.33757	0.894006
21.3	1	1.31871	0.917668
21.35	1	1.29906	0.941747
21.4	1	1.27866	0.966192
21.45	1	1.25756	0.990956
21.5	1	1.23582	1.01599
21.55	1	1.21349	1.04124
21.6	1	1.19063	1.06666
21.65	1	1.16728	1.09219
21.7	1	1.14353	1.11779
21.75	1	1.11941	1.14342
21.8	1	1.09499	1.16901
21.85	1	1.07034	1.19451
21.9	1	1.04551	1.21989
21.95	1	1.02057	1.2451
22	1	0.995574	1.27007
22.05	1	0.970591	1.29478
22.1	1	0.945682	1.31916
22.15	1	0.920908	1.34319
22.2	1	0.896332	1.36681
22.25	1	0.872015	1.38997
22.3	1	0.848018	1.41265
22.35	1	0.8244	1.43479
22.4	1	0.801222	1.45636
22.45	1	0.778541	1.47732
22.5	1	0.756413	1.49764
22.55	1	0.734894	1.51726
22.6	1	0.714037	1.53618
22.65	1	0.693895	1.55434
22.7	1	0.674519	1.57172
22.75	1	0.655956	1.58829
22.8	1	0.638253	1.60401
22.85	1	0.621454	1.61888
22.9	1	0.605601	1.63285
22.95	1	0.590734	1.6459
23	1	0.57689	1.65802
23.05	1	0.564103	1.66918
23.1	1	0.552406	1.67936
23.15	1	0.541828	1.68855
23.2	1	0.532395	1.69673
23.25	1	0.524131	1.70389
23.3	1	0.517056	1.71002
23.35	1	0.511188	1.7151
23.4	1	0.506542	1.71913
23.45	1	0.50313	1.7221
23.5	1	0.500959	1.724
23.55	1	0.500036	1.72485
23.6	1	0.500362	1.72462
23.65	1	0.501937	1.72332
23.7	1	0.504757	1.72096
23.75	1	0.508815	1.71754
23.8	1	0.514101	1.71306
23.85	1	0.520601	1.70753
23.9	1	0.528299	1.70096
23.95	1	0.537177	1.69336
24	1	0.547211	1.68475
24.05	1	0.558377	1.67513
24.1	1	0.570646	1.66453
24.15	1	0.583989	1.65296
24.2	1	0.598372	1.64044
24.25	1	0.613759	1.627
24.3	1	0.630111	1.61264
24.35	1	0.647387	1.59741
24.4	1	0.665545	1.58132
24.45	1	0.684539	1.5644
24.5	1	0.704321	1.54668
24.55	1	0.724843	1.5282
24.6	1	0.746052	1.50897
24.65	1	0.767896	1.48905
24.7	1	0.79032	1.46846
24.75	1	0.813268	1.44723
24.8	1	0.836682	1.42541
24.85	1	0.860505	1.40304
24.9	1	0.884677	1.38015
24.95	1	0.909137	1.35678
25	1	0.933824	1.33298
25.05	1	0.958677	1.3088
25.1	1	0.983632	1.28427
