0.01	25.0025
0.01999	12.5113
0.02998	8.34639
0.03997	6.26468
0.04996	5.01649
0.05995	4.18513
0.06994	3.59198
0.07993	3.14772
0.08992	2.80273
0.09991	2.52723
0.1099	2.30227
0.11989	2.11522
0.12988	1.95732
0.13987	1.82234
0.14986	1.70569
0.15985	1.60393
0.16984	1.51443
0.17983	1.43516
0.18982	1.36449
0.19981	1.30114
0.2098	1.24406
0.21979	1.1924
0.22978	1.14544
0.23977	1.10261
0.24976	1.0634
0.25975	1.0274
0.26974	0.994253
0.27973	0.963651
0.28972	0.935332
0.29971	0.909067
0.3097	0.884658
0.31969	0.86193
0.32968	0.840731
0.33967	0.820926
0.34966	0.802395
0.35965	0.785033
0.36964	0.768744
0.37963	0.753443
0.38962	0.739056
0.39961	0.725512
0.4096	0.712752
0.41959	0.700717
0.42958	0.689359
0.43957	0.67863
0.44956	0.668489
0.45955	0.658898
0.46954	0.649821
0.47953	0.641226
0.48952	0.633084
0.49951	0.625368
0.5095	0.618052
0.51949	0.611114
0.52948	0.604531
0.53947	0.598285
0.54946	0.592357
0.55945	0.58673
0.56944	0.581388
0.57943	0.576316
0.58942	0.571501
0.59941	0.566929
0.6094	0.56259
0.61939	0.55847
0.62938	0.554561
0.63937	0.550852
0.64936	0.547334
0.65935	0.543999
0.66934	0.540837
0.67933	0.537842
0.68932	0.535006
0.69931	0.532323
0.7093	0.529785
0.71929	0.527387
0.72928	0.525124
0.73927	0.522989
0.74926	0.520978
0.75925	0.519085
0.76924	0.517306
0.77923	0.515637
0.78922	0.514073
0.79921	0.512611
0.8092	0.511247
0.81919	0.509977
0.82918	0.508798
0.83917	0.507706
0.84916	0.506699
0.85915	0.505773
0.86914	0.504926
0.87913	0.504155
0.88912	0.503457
0.89911	0.50283
0.9091	0.502272
0.91909	0.501781
0.92908	0.501353
0.93907	0.500988
0.94906	0.500684
0.95905	0.500437
0.96904	0.500247
0.97903	0.500112
0.98902	0.50003
0.99901	0.5
1.009	0.50002
1.01899	0.500088
1.02898	0.500204
1.03897	0.500365
1.04896	0.500571
1.05895	0.50082
1.06894	0.501112
1.07893	0.501444
1.08892	0.501815
1.09891	0.502226
1.1089	0.502674
1.11889	0.503158
1.12888	0.503678
1.13887	0.504233
1.14886	0.504822
1.15885	0.505444
1.16884	0.506097
1.17883	0.506782
1.18882	0.507498
1.19881	0.508243
1.2088	0.509017
1.21879	0.509819
1.22878	0.510649
1.23877	0.511506
1.24876	0.512389
1.25875	0.513297
1.26874	0.514231
1.27873	0.515189
1.28872	0.516171
1.29871	0.517176
1.3087	0.518204
1.31869	0.519255
1.32868	0.520327
1.33867	0.52142
1.34866	0.522534
1.35865	0.523669
1.36864	0.524823
1.37863	0.525997
1.38862	0.52719
1.39861	0.528401
1.4086	0.529631
1.41859	0.530879
1.42858	0.532144
1.43857	0.533426
1.44856	0.534725
1.45855	0.536041
1.46854	0.537372
1.47853	0.538719
1.48852	0.540082
1.49851	0.54146
1.5085	0.542853
1.51849	0.54426
1.52848	0.545681
1.53847	0.547117
1.54846	0.548566
1.55845	0.550028
1.56844	0.551504
1.57843	0.552993
1.58842	0.554494
1.59841	0.556008
1.6084	0.557534
1.61839	0.559072
1.62838	0.560622
1.63837	0.562183
1.64836	0.563756
1.65835	0.56534
1.66834	0.566935
1.67833	0.56854
1.68832	0.570156
1.69831	0.571783
1.7083	0.573419
1.71829	0.575066
1.72828	0.576722
1.73827	0.578389
1.74826	0.580064
1.75825	0.581749
1.76824	0.583444
1.77823	0.585147
1.78822	0.586859
1.79821	0.58858
1.8082	0.590309
1.81819	0.592047
1.82818	0.593793
1.83817	0.595547
1.84816	0.59731
1.85815	0.59908
1.86814	0.600858
1.87813	0.602644
1.88812	0.604437
1.89811	0.606237
1.9081	0.608045
1.91809	0.60986
1.92808	0.611683
1.93807	0.613512
1.94806	0.615348
1.95805	0.617191
1.96804	0.61904
1.97803	0.620896
1.98802	0.622758
1.99801	0.624627
2.008	0.626502
2.01799	0.628383
2.02798	0.63027
2.03797	0.632164
2.04796	0.634063
2.05795	0.635968
2.06794	0.637878
2.07793	0.639795
2.08792	0.641716
2.09791	0.643644
2.1079	0.645576
2.11789	0.647515
2.12788	0.649458
2.13787	0.651406
2.14786	0.65336
2.15785	0.655319
2.16784	0.657282
2.17783	0.659251
2.18782	0.661224
2.19781	0.663202
2.2078	0.665185
2.21779	0.667172
2.22778	0.669164
2.23777	0.671161
2.24776	0.673162
2.25775	0.675167
2.26774	0.677177
2.27773	0.679191
2.28772	0.681209
2.29771	0.683231
2.3077	0.685258
2.31769	0.687289
2.32768	0.689323
2.33767	0.691362
2.34766	0.693404
2.35765	0.69545
2.36764	0.6975
2.37763	0.699554
2.38762	0.701612
2.39761	0.703673
2.4076	0.705738
2.41759	0.707806
2.42758	0.709878
2.43757	0.711954
2.44756	0.714033
2.45755	0.716115
2.46754	0.7182
2.47753	0.720289
2.48752	0.722382
2.49751	0.724477
2.5075	0.726576
2.51749	0.728678
2.52748	0.730783
2.53747	0.732891
2.54746	0.735002
2.55745	0.737116
2.56744	0.739233
2.57743	0.741353
2.58742	0.743476
2.59741	0.745602
2.6074	0.747731
2.61739	0.749862
2.62738	0.751997
2.63737	0.754134
2.64736	0.756274
2.65735	0.758416
2.66734	0.760561
2.67733	0.762709
2.68732	0.764859
2.69731	0.767012
2.7073	0.769168
2.71729	0.771326
2.72728	0.773486
2.73727	0.775649
2.74726	0.777815
2.75725	0.779983
2.76724	0.782153
2.77723	0.784325
2.78722	0.7865
2.79721	0.788677
2.8072	0.790857
2.81719	0.793038
2.82718	0.795222
2.83717	0.797408
2.84716	0.799597
2.85715	0.801787
2.86714	0.80398
2.87713	0.806175
2.88712	0.808371
2.89711	0.81057
2.9071	0.812771
2.91709	0.814974
2.92708	0.817179
2.93707	0.819386
2.94706	0.821595
2.95705	0.823806
2.96704	0.826019
2.97703	0.828234
2.98702	0.83045
2.99701	0.832669
3.007	0.834889
3.01699	0.837112
3.02698	0.839336
3.03697	0.841561
3.04696	0.843789
3.05695	0.846018
3.06694	0.848249
3.07693	0.850482
3.08692	0.852717
3.09691	0.854953
3.1069	0.857191
3.11689	0.859431
3.12688	0.861672
3.13687	0.863915
3.14686	0.866159
3.15685	0.868405
3.16684	0.870653
3.17683	0.872902
3.18682	0.875153
3.19681	0.877405
3.2068	0.879659
3.21679	0.881915
3.22678	0.884172
3.23677	0.88643
3.24676	0.88869
3.25675	0.890951
3.26674	0.893214
3.27673	0.895478
3.28672	0.897744
3.29671	0.900011
3.3067	0.902279
3.31669	0.904549
3.32668	0.90682
3.33667	0.909093
3.34666	0.911366
3.35665	0.913642
3.36664	0.915918
3.37663	0.918196
3.38662	0.920475
3.39661	0.922755
3.4066	0.925037
3.41659	0.92732
3.42658	0.929604
3.43657	0.931889
3.44656	0.934176
3.45655	0.936464
3.46654	0.938753
3.47653	0.941043
3.48652	0.943335
3.49651	0.945627
3.5065	0.947921
3.51649	0.950216
3.52648	0.952512
3.53647	0.954809
3.54646	0.957108
3.55645	0.959407
3.56644	0.961708
3.57643	0.96401
3.58642	0.966312
3.59641	0.968616
3.6064	0.970921
3.61639	0.973227
3.62638	0.975534
3.63637	0.977842
3.64636	0.980152
3.65635	0.982462
3.66634	0.984773
3.67633	0.987085
3.68632	0.989398
3.69631	0.991713
3.7063	0.994028
3.71629	0.996344
3.72628	0.998661
3.73627	1.00098
3.74626	1.0033
3.75625	1.00562
3.76624	1.00794
3.77623	1.01026
3.78622	1.01258
3.79621	1.01491
3.8062	1.01723
3.81619	1.01956
3.82618	1.02188
3.83617	1.02421
3.84616	1.02654
3.85615	1.02887
3.86614	1.0312
3.87613	1.03353
3.88612	1.03586
3.89611	1.03819
3.9061	1.04053
3.91609	1.04286
3.92608	1.0452
3.93607	1.04753
3.94606	1.04987
3.95605	1.05221
3.96604	1.05455
3.97603	1.05688
3.98602	1.05922
3.99601	1.06156
4.006	1.06391
4.01599	1.06625
4.02598	1.06859
4.03597	1.07094
4.04596	1.07328
4.05595	1.07563
4.06594	1.07797
4.07593	1.08032
4.08592	1.08267
4.09591	1.08501
4.1059	1.08736
4.11589	1.08971
4.12588	1.09206
4.13587	1.09441
4.14586	1.09677
4.15585	1.09912
4.16584	1.10147
4.17583	1.10383
4.18582	1.10618
4.19581	1.10854
4.2058	1.11089
4.21579	1.11325
4.22578	1.11561
4.23577	1.11796
4.24576	1.12032
4.25575	1.12268
4.26574	1.12504
4.27573	1.1274
4.28572	1.12976
4.29571	1.13213
4.3057	1.13449
4.31569	1.13685
4.32568	1.13921
4.33567	1.14158
4.34566	1.14394
4.35565	1.14631
4.36564	1.14868
4.37563	1.15104
4.38562	1.15341
4.39561	1.15578
4.4056	1.15815
4.41559	1.16052
4.42558	1.16288
4.43557	1.16526
4.44556	1.16763
4.45555	1.17
4.46554	1.17237
4.47553	1.17474
4.48552	1.17711
4.49551	1.17949
4.5055	1.18186
4.51549	1.18424
4.52548	1.18661
4.53547	1.18899
4.54546	1.19136
4.55545	1.19374
4.56544	1.19612
4.57543	1.1985
4.58542	1.20088
4.59541	1.20325
4.6054	1.20563
4.61539	1.20801
4.62538	1.21039
4.63537	1.21278
4.64536	1.21516
4.65535	1.21754
4.66534	1.21992
4.67533	1.2223
4.68532	1.22469
4.69531	1.22707
4.7053	1.22946
4.71529	1.23184
4.72528	1.23423
4.73527	1.23661
4.74526	1.239
4.75525	1.24139
4.76524	1.24377
4.77523	1.24616
4.78522	1.24855
4.79521	1.25094
4.8052	1.25333
4.81519	1.25572
4.82518	1.25811
4.83517	1.2605
4.84516	1.26289
4.85515	1.26528
4.86514	1.26767
4.87513	1.27006
4.88512	1.27246
4.89511	1.27485
4.9051	1.27724
4.91509	1.27964
4.92508	1.28203
4.93507	1.28443
4.94506	1.28682
4.95505	1.28922
4.96504	1.29161
4.97503	1.29401
4.98502	1.29641
4.99501	1.2988
5.005	1.3012
5.01499	1.3036
5.02498	1.306
5.03497	1.3084
5.04496	1.31079
5.05495	1.31319
5.06494	1.31559
5.07493	1.31799
5.08492	1.32039
5.09491	1.3228
5.1049	1.3252
5.11489	1.3276
5.12488	1.33
5.13487	1.3324
5.14486	1.33481
5.15485	1.33721
5.16484	1.33961
5.17483	1.34202
5.18482	1.34442
5.19481	1.34683
5.2048	1.34923
5.21479	1.35164
5.22478	1.35404
5.23477	1.35645
5.24476	1.35886
5.25475	1.36126
5.26474	1.36367
5.27473	1.36608
5.28472	1.36849
5.29471	1.37089
5.3047	1.3733
5.31469	1.37571
5.32468	1.37812
5.33467	1.38053
5.34466	1.38294
5.35465	1.38535
5.36464	1.38776
5.37463	1.39017
5.38462	1.39258
5.39461	1.395
5.4046	1.39741
5.41459	1.39982
5.42458	1.40223
5.43457	1.40464
5.44456	1.40706
5.45455	1.40947
5.46454	1.41188
5.47453	1.4143
5.48452	1.41671
5.49451	1.41913
5.5045	1.42154
5.51449	1.42396
5.52448	1.42637
5.53447	1.42879
5.54446	1.43121
5.55445	1.43362
5.56444	1.43604
5.57443	1.43846
5.58442	1.44087
5.59441	1.44329
5.6044	1.44571
5.61439	1.44813
5.62438	1.45054
5.63437	1.45296
5.64436	1.45538
5.65435	1.4578
5.66434	1.46022
5.67433	1.46264
5.68432	1.46506
5.69431	1.46748
5.7043	1.4699
5.71429	1.47232
5.72428	1.47474
5.73427	1.47717
5.74426	1.47959
5.75425	1.48201
5.76424	1.48443
5.77423	1.48685
5.78422	1.48928
5.79421	1.4917
5.8042	1.49412
5.81419	1.49655
5.82418	1.49897
5.83417	1.50139
5.84416	1.50382
5.85415	1.50624
5.86414	1.50867
5.87413	1.51109
5.88412	1.51352
5.89411	1.51594
5.9041	1.51837
5.91409	1.52079
5.92408	1.52322
5.93407	1.52565
5.94406	1.52807
5.95405	1.5305
5.96404	1.53293
5.97403	1.53536
5.98402	1.53778
5.99401	1.54021
6.004	1.54264
6.01399	1.54507
6.02398	1.5475
6.03397	1.54992
6.04396	1.55235
6.05395	1.55478
6.06394	1.55721
6.07393	1.55964
6.08392	1.56207
6.09391	1.5645
6.1039	1.56693
6.11389	1.56936
6.12388	1.57179
6.13387	1.57422
6.14386	1.57666
6.15385	1.57909
6.16384	1.58152
6.17383	1.58395
6.18382	1.58638
6.19381	1.58882
6.2038	1.59125
6.21379	1.59368
6.22378	1.59611
6.23377	1.59855
6.24376	1.60098
6.25375	1.60341
6.26374	1.60585
6.27373	1.60828
6.28372	1.61072
6.29371	1.61315
6.3037	1.61558
6.31369	1.61802
6.32368	1.62045
6.33367	1.62289
6.34366	1.62532
6.35365	1.62776
6.36364	1.6302
6.37363	1.63263
6.38362	1.63507
6.39361	1.6375
6.4036	1.63994
6.41359	1.64238
6.42358	1.64481
6.43357	1.64725
6.44356	1.64969
6.45355	1.65213
6.46354	1.65456
6.47353	1.657
6.48352	1.65944
6.49351	1.66188
6.5035	1.66432
6.51349	1.66675
6.52348	1.66919
6.53347	1.67163
6.54346	1.67407
6.55345	1.67651
6.56344	1.67895
6.57343	1.68139
6.58342	1.68383
6.59341	1.68627
6.6034	1.68871
6.61339	1.69115
6.62338	1.69359
6.63337	1.69603
6.64336	1.69847
6.65335	1.70091
6.66334	1.70335
6.67333	1.7058
6.68332	1.70824
6.69331	1.71068
6.7033	1.71312
6.71329	1.71556
6.72328	1.718
6.73327	1.72045
6.74326	1.72289
6.75325	1.72533
6.76324	1.72777
6.77323	1.73022
6.78322	1.73266
6.79321	1.7351
6.8032	1.73755
6.81319	1.73999
6.82318	1.74243
6.83317	1.74488
6.84316	1.74732
6.85315	1.74977
6.86314	1.75221
6.87313	1.75466
6.88312	1.7571
6.89311	1.75955
6.9031	1.76199
6.91309	1.76444
6.92308	1.76688
6.93307	1.76933
6.94306	1.77177
6.95305	1.77422
6.96304	1.77666
6.97303	1.77911
6.98302	1.78156
6.99301	1.784
7.003	1.78645
7.01299	1.7889
7.02298	1.79134
7.03297	1.79379
7.04296	1.79624
7.05295	1.79868
7.06294	1.80113
7.07293	1.80358
7.08292	1.80603
7.09291	1.80847
7.1029	1.81092
7.11289	1.81337
7.12288	1.81582
7.13287	1.81827
7.14286	1.82071
7.15285	1.82316
7.16284	1.82561
7.17283	1.82806
7.18282	1.83051
7.19281	1.83296
7.2028	1.83541
7.21279	1.83786
7.22278	1.84031
7.23277	1.84276
7.24276	1.84521
7.25275	1.84766
7.26274	1.85011
7.27273	1.85256
7.28272	1.85501
7.29271	1.85746
7.3027	1.85991
7.31269	1.86236
7.32268	1.86481
7.33267	1.86726
7.34266	1.86971
7.35265	1.87216
7.36264	1.87462
7.37263	1.87707
7.38262	1.87952
7.39261	1.88197
7.4026	1.88442
7.41259	1.88687
7.42258	1.88933
7.43257	1.89178
7.44256	1.89423
7.45255	1.89668
7.46254	1.89914
7.47253	1.90159
7.48252	1.90404
7.49251	1.90649
7.5025	1.90895
7.51249	1.9114
7.52248	1.91385
7.53247	1.91631
7.54246	1.91876
7.55245	1.92121
7.56244	1.92367
7.57243	1.92612
7.58242	1.92858
7.59241	1.93103
7.6024	1.93348
7.61239	1.93594
7.62238	1.93839
7.63237	1.94085
7.64236	1.9433
7.65235	1.94576
7.66234	1.94821
7.67233	1.95067
7.68232	1.95312
7.69231	1.95558
7.7023	1.95803
7.71229	1.96049
7.72228	1.96294
7.73227	1.9654
7.74226	1.96786
7.75225	1.97031
7.76224	1.97277
7.77223	1.97522
7.78222	1.97768
7.79221	1.98014
7.8022	1.98259
7.81219	1.98505
7.82218	1.98751
7.83217	1.98996
7.84216	1.99242
7.85215	1.99488
7.86214	1.99733
7.87213	1.99979
7.88212	2.00225
7.89211	2.0047
7.9021	2.00716
7.91209	2.00962
7.92208	2.01208
7.93207	2.01454
7.94206	2.01699
7.95205	2.01945
7.96204	2.02191
7.97203	2.02437
7.98202	2.02683
7.99201	2.02928
8.002	2.03174
8.01199	2.0342
8.02198	2.03666
8.03197	2.03912
8.04196	2.04158
8.05195	2.04404
8.06194	2.04649
8.07193	2.04895
8.08192	2.05141
8.09191	2.05387
8.1019	2.05633
8.11189	2.05879
8.12188	2.06125
8.13187	2.06371
8.14186	2.06617
8.15185	2.06863
8.16184	2.07109
8.17183	2.07355
8.18182	2.07601
8.19181	2.07847
8.2018	2.08093
8.21179	2.08339
8.22178	2.08585
8.23177	2.08831
8.24176	2.09077
8.25175	2.09323
8.26174	2.09569
8.27173	2.09816
8.28172	2.10062
8.29171	2.10308
8.3017	2.10554
8.31169	2.108
8.32168	2.11046
8.33167	2.11292
8.34166	2.11539
8.35165	2.11785
8.36164	2.12031
8.37163	2.12277
8.38162	2.12523
8.39161	2.12769
8.4016	2.13016
8.41159	2.13262
8.42158	2.13508
8.43157	2.13754
8.44156	2.14001
8.45155	2.14247
8.46154	2.14493
8.47153	2.14739
8.48152	2.14986
8.49151	2.15232
8.5015	2.15478
8.51149	2.15724
8.52148	2.15971
8.53147	2.16217
8.54146	2.16463
8.55145	2.1671
8.56144	2.16956
8.57143	2.17202
8.58142	2.17449
8.59141	2.17695
8.6014	2.17942
8.61139	2.18188
8.62138	2.18434
8.63137	2.18681
8.64136	2.18927
8.65135	2.19173
8.66134	2.1942
8.67133	2.19666
8.68132	2.19913
8.69131	2.20159
8.7013	2.20406
8.71129	2.20652
8.72128	2.20899
8.73127	2.21145
8.74126	2.21391
8.75125	2.21638
8.76124	2.21884
8.77123	2.22131
8.78122	2.22377
8.79121	2.22624
8.8012	2.22871
8.81119	2.23117
8.82118	2.23364
8.83117	2.2361
8.84116	2.23857
8.85115	2.24103
8.86114	2.2435
8.87113	2.24596
8.88112	2.24843
8.89111	2.2509
8.9011	2.25336
8.91109	2.25583
8.92108	2.25829
8.93107	2.26076
8.94106	2.26323
8.95105	2.26569
8.96104	2.26816
8.97103	2.27062
8.98102	2.27309
8.99101	2.27556
9.001	2.27802
9.01099	2.28049
9.02098	2.28296
9.03097	2.28543
9.04096	2.28789
9.05095	2.29036
9.06094	2.29283
9.07093	2.29529
9.08092	2.29776
9.09091	2.30023
9.1009	2.30269
9.11089	2.30516
9.12088	2.30763
9.13087	2.3101
9.14086	2.31256
9.15085	2.31503
9.16084	2.3175
9.17083	2.31997
9.18082	2.32244
9.19081	2.3249
9.2008	2.32737
9.21079	2.32984
9.22078	2.33231
9.23077	2.33478
9.24076	2.33724
9.25075	2.33971
9.26074	2.34218
9.27073	2.34465
9.28072	2.34712
9.29071	2.34959
9.3007	2.35205
9.31069	2.35452
9.32068	2.35699
9.33067	2.35946
9.34066	2.36193
9.35065	2.3644
9.36064	2.36687
9.37063	2.36934
9.38062	2.37181
9.39061	2.37427
9.4006	2.37674
9.41059	2.37921
9.42058	2.38168
9.43057	2.38415
9.44056	2.38662
9.45055	2.38909
9.46054	2.39156
9.47053	2.39403
9.48052	2.3965
9.49051	2.39897
9.5005	2.40144
9.51049	2.40391
9.52048	2.40638
9.53047	2.40885
9.54046	2.41132
9.55045	2.41379
9.56044	2.41626
9.57043	2.41873
9.58042	2.4212
9.59041	2.42367
9.6004	2.42614
9.61039	2.42861
9.62038	2.43108
9.63037	2.43355
9.64036	2.43602
9.65035	2.43849
9.66034	2.44096
9.67033	2.44343
9.68032	2.44591
9.69031	2.44838
9.7003	2.45085
9.71029	2.45332
9.72028	2.45579
9.73027	2.45826
9.74026	2.46073
9.75025	2.4632
9.76024	2.46567
9.77023	2.46815
9.78022	2.47062
9.79021	2.47309
9.8002	2.47556
9.81019	2.47803
9.82018	2.4805
9.83017	2.48297
9.84016	2.48545
9.85015	2.48792
9.86014	2.49039
9.87013	2.49286
9.88012	2.49533
9.89011	2.49781
9.9001	2.50028
9.91009	2.50275
9.92008	2.50522
9.93007	2.50769
9.94006	2.51017
9.95005	2.51264
9.96004	2.51511
9.97003	2.51758
9.98002	2.52006
9.99001	2.52253
10	2.525
