0.0 0 1
0.06051409504688473 0.06051409504688473 0.9981690221503283
0.12102819009376946 0.12080659015852191 0.9926794410811992
0.18154228514065418 0.1806564940165234 0.9835513655336122
0.24205638018753892 0.23984443679497408 0.970818240519553
0.30257047523442365 0.2981534742238851 0.9545267247804269
0.36308457028130836 0.35536988276493287 0.9347365198126911
0.42359866532819307 0.4112839429848893 0.9115201510871974
0.4841127603750778 0.4656907082553997 0.8849627022639822
0.5446268554219625 0.5183907559615367 0.855161503376533
0.6051409504688473 0.5691909184656609 0.8222257741282757
0.6656550455157321 0.6179049911473129 0.786276223608563
0.7261691405626168 0.6643544149238747 0.7474446078951792
0.7866832356095016 0.7083689307502679 0.7058732471647458
0.8471973306563864 0.749787203698649 0.6617145040808294
0.9077114257032711 0.788457414330559 0.615130225371493
0.9682255207501559 0.8242378151938525 0.5662911486429538
1.0287396157970405 0.85699725040456 0.515376276603446
1.0892537108439253 0.8866156364091302 0.4625722209908384
1.14976780589081 0.9129844021647807 0.40807251860861443
1.2102819009376948 0.9360068871244246 0.35207692197705953
1.2707959959845796 0.955598695567294 0.2947906671995528
1.3313100910314644 0.9716880059763835 0.2364237217273822
1.3918241860783491 0.9842158343285982 0.17719001478018967
1.4523382811252339 0.9931362503324137 0.1173066532427344
1.5128523761721187 0.9984165458203118 0.056993125911905446
1.5733664712190034 1.0000373546786212 -0.003529500989375496
1.6338805662658882 0.9979927238750212 -0.06403939408270082
1.694394661312773 0.9922901353232071 -0.1243147659193014
1.7549087563596577 0.9829504785044108 -0.1841346878995507
1.8154228514065425 0.9700079739459632 -0.24327990004724714
1.8759369464534272 0.9535100478372075 -0.30153361467059236
1.936451041500312 0.9335171582421712 -0.35868231096417946
1.9969651365471968 0.9101025735458187 -0.4145165176394995
2.0574792315940815 0.8833521039457868 -0.4688315807153446
2.117993326640966 0.8533637869736116 -0.5214284136538692
2.1785074216878506 0.8202475281979544 -0.5721142270927702
2.239021516734735 0.7841246984266091 -0.6207032354988246
2.2995356117816197 0.7451276888835248 -0.6670173381526043
2.3600497068285042 0.7033994259911152 -0.7108867719682631
2.4205638018753888 0.6590928475361931 -0.7521507337555151
2.4810778969222733 0.612370342139412 -0.7906579696429216
2.541591991969158 0.5634031540826102 -0.8262673295019567
2.6021060870160424 0.5123707556754328 -0.8588482843396009
2.662620182062927 0.459460189461591 -0.8882814047629338
2.7231342771098115 0.4048653826756764 -0.914458798761876
2.783648372156696 0.3487864364631622 -0.9372845072053348
2.8441624672035806 0.2914288924687361 -0.9566748556009974
2.904676562250465 0.23300297948106802 -0.9725587608293156
2.9651906572973497 0.17372284289522505 -0.9848779917272577
3.025704752344234 0.11380575981693368 -0.9935873825665525
3.0862188473911187 0.05347134268552604 -0.9986549986438048
3.1467329424380033 -0.007059265665501108 -1.0000622533753805
3.207247037484888 -0.06756420255999213 -0.997803976467714
3.2677611325317724 -0.12782169867180082 -0.991888432913005
3.328275227578657 -0.18761089087802846 -0.9823372927405161
3.3887893226255414 -0.24671263179347264 -0.969185551634178
3.449303417672426 -0.3049102930190826 -0.9524814027072966
3.5098175127193105 -0.3619905591602472 -0.9322860599041851
3.570331607766195 -0.41774420970456205 -0.9086735336758447
3.6308457028130796 -0.47196688589321306 -0.8817303597517537
3.691359797859964 -0.5244598397751056 -0.8515552820017411
3.7518738929068487 -0.575030662698165 -0.8182588905502003
3.8123879879537332 -0.6234939905675959 -0.7819632164689161
3.872902083000618 -0.669672183286031 -0.7428012845339345
3.9334161780475023 -0.7133959758851275 -0.7009166256856194
3.993930273094387 -0.7545050989619182 -0.6564627509787447
4.054444368141271 -0.7928488661457218 -0.6096025889506275
4.114958463188156 -0.828286726442257 -0.5605078884693994
4.1754725582350405 -0.8606887794303301 -0.5093585892510459
4.235986653281925 -0.8899362514226171 -0.45634216235235303
4.29650074832881 -0.9159219308451336 -0.40165292305695804
4.357014843375694 -0.9385505612394555 -0.3454913186728963
4.417528938422579 -0.9577391904470742 -0.2880631938520009
4.478043033469463 -0.9734174746958723 -0.22957903612391153
4.538557128516348 -0.9855279364739953 -0.17025320440997516
4.599071223563232 -0.9940261752457806 -0.11030314334471733
4.659585318610117 -0.9988810302372441 -0.04994858628458953
4.720099413657001 -1.0000746946943055 0.010589250074826695
4.780613508703886 -0.9976027811947998 0.07108847652121049
4.8411276037507704 -0.9914743377747185 0.13132734461559192
4.901641698797655 -0.9817118148094122 0.19108505946919097
4.9621557938445395 -0.9683509827709769 0.25014258902792613
5.022669888891424 -0.9514408011631056 0.3082834668983036
5.083183983938309 -0.931043239113635 0.36529458577206114
5.143698078985193 -0.9072330482822084 0.4209669785413894
5.204212174032078 -0.8800974889152601 0.47509658424166146
5.264726269078962 -0.8497360100522544 0.527484996014203
5.325240364125847 -0.8162598850551712 0.5779401883475295
5.385754459172731 -0.7797918037969828 0.6262772209314179
5.446268554219616 -0.7404654230037323 0.6723189165438909
5.5067826492665 -0.6984248763982092 0.7158965104863633
5.567296744313385 -0.6538242464405595 0.7568502691864755
5.6278108393602695 -0.6068269996019379 0.7950300757011388
5.688324934407154 -0.5576053872409733 0.8302959799736348
5.748839029454039 -0.5063398142789066 0.8625187118277868
5.809353124500923 -0.4532181779872918 0.8915801548187985
5.869867219547808 -0.3984351793117075 0.9173737792038174
5.930381314594692 -0.34219160925559816 0.9398050324451168
5.990895409641577 -0.28469361293978324 0.9587916858144395
6.051409504688461 -0.22615193403500966 0.9742641358279429
6.111923599735346 -0.166781142336868 0.9861656594067438
6.17243769478223 -0.1067988473141928 0.9944526218276645
6.232951789829115 -0.046424900513487036 0.9990946367018189
6.283185307179586 0.0038217116964497783 1.0001661619142665

 The result for the differential gaussian integral between -1.25 and 1.25: 1.656541
Result for the differential gaussian integral between -inf and +inf: 1.772454
