0 0 1
0.0314159 0.0314108 0.999507
0.0628319 0.0627905 0.998027
0.0942478 0.0941083 0.995562
0.125664 0.125333 0.992115
0.15708 0.156434 0.987688
0.188496 0.187381 0.982287
0.219911 0.218143 0.975917
0.251327 0.24869 0.968583
0.282743 0.278991 0.960294
0.314159 0.309017 0.951057
0.345575 0.338738 0.940881
0.376991 0.368125 0.929776
0.408407 0.397148 0.917755
0.439823 0.425779 0.904827
0.471239 0.45399 0.891007
0.502655 0.481754 0.876307
0.534071 0.509041 0.860742
0.565487 0.535827 0.844328
0.596903 0.562083 0.827081
0.628319 0.587785 0.809017
0.659734 0.612907 0.790155
0.69115 0.637424 0.770513
0.722566 0.661312 0.750111
0.753982 0.684547 0.728969
0.785398 0.707107 0.707107
0.816814 0.728969 0.684547
0.84823 0.750111 0.661312
0.879646 0.770513 0.637424
0.911062 0.790155 0.612907
0.942478 0.809017 0.587785
0.973894 0.827081 0.562083
1.00531 0.844328 0.535827
1.03673 0.860742 0.509041
1.06814 0.876307 0.481754
1.09956 0.891007 0.45399
1.13097 0.904827 0.425779
1.16239 0.917755 0.397148
1.19381 0.929776 0.368125
1.22522 0.940881 0.338738
1.25664 0.951057 0.309017
1.28805 0.960294 0.278991
1.31947 0.968583 0.24869
1.35088 0.975917 0.218143
1.3823 0.982287 0.187381
1.41372 0.987688 0.156434
1.44513 0.992115 0.125333
1.47655 0.995562 0.0941083
1.50796 0.998027 0.0627905
1.53938 0.999507 0.0314108
1.5708 1 6.12323e-17
1.60221 0.999507 -0.0314108
1.63363 0.998027 -0.0627905
1.66504 0.995562 -0.0941083
1.69646 0.992115 -0.125333
1.72788 0.987688 -0.156434
1.75929 0.982287 -0.187381
1.79071 0.975917 -0.218143
1.82212 0.968583 -0.24869
1.85354 0.960294 -0.278991
1.88496 0.951057 -0.309017
1.91637 0.940881 -0.338738
1.94779 0.929776 -0.368125
1.9792 0.917755 -0.397148
2.01062 0.904827 -0.425779
2.04204 0.891007 -0.45399
2.07345 0.876307 -0.481754
2.10487 0.860742 -0.509041
2.13628 0.844328 -0.535827
2.1677 0.827081 -0.562083
2.19911 0.809017 -0.587785
2.23053 0.790155 -0.612907
2.26195 0.770513 -0.637424
2.29336 0.750111 -0.661312
2.32478 0.728969 -0.684547
2.35619 0.707107 -0.707107
2.38761 0.684547 -0.728969
2.41903 0.661312 -0.750111
2.45044 0.637424 -0.770513
2.48186 0.612907 -0.790155
2.51327 0.587785 -0.809017
2.54469 0.562083 -0.827081
2.57611 0.535827 -0.844328
2.60752 0.509041 -0.860742
2.63894 0.481754 -0.876307
2.67035 0.45399 -0.891007
2.70177 0.425779 -0.904827
2.73319 0.397148 -0.917755
2.7646 0.368125 -0.929776
2.79602 0.338738 -0.940881
2.82743 0.309017 -0.951057
2.85885 0.278991 -0.960294
2.89027 0.24869 -0.968583
2.92168 0.218143 -0.975917
2.9531 0.187381 -0.982287
2.98451 0.156434 -0.987688
3.01593 0.125333 -0.992115
3.04734 0.0941083 -0.995562
3.07876 0.0627905 -0.998027
3.11018 0.0314108 -0.999507
3.14159 1.22465e-16 -1
3.17301 -0.0314108 -0.999507
3.20442 -0.0627905 -0.998027
3.23584 -0.0941083 -0.995562
3.26726 -0.125333 -0.992115
3.29867 -0.156434 -0.987688
3.33009 -0.187381 -0.982287
3.3615 -0.218143 -0.975917
3.39292 -0.24869 -0.968583
3.42434 -0.278991 -0.960294
3.45575 -0.309017 -0.951057
3.48717 -0.338738 -0.940881
3.51858 -0.368125 -0.929776
3.55 -0.397148 -0.917755
3.58142 -0.425779 -0.904827
3.61283 -0.45399 -0.891007
3.64425 -0.481754 -0.876307
3.67566 -0.509041 -0.860742
3.70708 -0.535827 -0.844328
3.7385 -0.562083 -0.827081
3.76991 -0.587785 -0.809017
3.80133 -0.612907 -0.790155
3.83274 -0.637424 -0.770513
3.86416 -0.661312 -0.750111
3.89557 -0.684547 -0.728969
3.92699 -0.707107 -0.707107
3.95841 -0.728969 -0.684547
3.98982 -0.750111 -0.661312
4.02124 -0.770513 -0.637424
4.05265 -0.790155 -0.612907
4.08407 -0.809017 -0.587785
4.11549 -0.827081 -0.562083
4.1469 -0.844328 -0.535827
4.17832 -0.860742 -0.509041
4.20973 -0.876307 -0.481754
4.24115 -0.891007 -0.45399
4.27257 -0.904827 -0.425779
4.30398 -0.917755 -0.397148
4.3354 -0.929776 -0.368125
4.36681 -0.940881 -0.338738
4.39823 -0.951057 -0.309017
4.42965 -0.960294 -0.278991
4.46106 -0.968583 -0.24869
4.49248 -0.975917 -0.218143
4.52389 -0.982287 -0.187381
4.55531 -0.987688 -0.156434
4.58673 -0.992115 -0.125333
4.61814 -0.995562 -0.0941083
4.64956 -0.998027 -0.0627905
4.68097 -0.999507 -0.0314108
4.71239 -1 -1.83697e-16
4.7438 -0.999507 0.0314108
4.77522 -0.998027 0.0627905
4.80664 -0.995562 0.0941083
4.83805 -0.992115 0.125333
4.86947 -0.987688 0.156434
4.90088 -0.982287 0.187381
4.9323 -0.975917 0.218143
4.96372 -0.968583 0.24869
4.99513 -0.960294 0.278991
5.02655 -0.951057 0.309017
5.05796 -0.940881 0.338738
5.08938 -0.929776 0.368125
5.1208 -0.917755 0.397148
5.15221 -0.904827 0.425779
5.18363 -0.891007 0.45399
5.21504 -0.876307 0.481754
5.24646 -0.860742 0.509041
5.27788 -0.844328 0.535827
5.30929 -0.827081 0.562083
5.34071 -0.809017 0.587785
5.37212 -0.790155 0.612907
5.40354 -0.770513 0.637424
5.43496 -0.750111 0.661312
5.46637 -0.728969 0.684547
5.49779 -0.707107 0.707107
5.5292 -0.684547 0.728969
5.56062 -0.661312 0.750111
5.59203 -0.637424 0.770513
5.62345 -0.612907 0.790155
5.65487 -0.587785 0.809017
5.68628 -0.562083 0.827081
5.7177 -0.535827 0.844328
5.74911 -0.509041 0.860742
5.78053 -0.481754 0.876307
5.81195 -0.45399 0.891007
5.84336 -0.425779 0.904827
5.87478 -0.397148 0.917755
5.90619 -0.368125 0.929776
5.93761 -0.338738 0.940881
5.96903 -0.309017 0.951057
6.00044 -0.278991 0.960294
6.03186 -0.24869 0.968583
6.06327 -0.218143 0.975917
6.09469 -0.187381 0.982287
6.12611 -0.156434 0.987688
6.15752 -0.125333 0.992115
6.18894 -0.0941083 0.995562
6.22035 -0.0627905 0.998027
6.25177 -0.0314108 0.999507
