------------ MINIMIZATION WITH NEWTONIAN METHOD ------------
Process finish after 47 iterations.
The Rosenbrock function has a minimum at: [1. 1.]
Process finish after 9 iterations.
The Himmelblau function has a minimum at: [3. 2.]

 ------------ MINIMIZATION WITH QUASI-NEWTONIAN METHOD ------------
Process finish after 41 iterations.
The Rosenbrock function has a minimum at: [0.99999995 0.9999999 ]
Process finish after 8 iterations.
The Himmelblau function has a minimum at: [3. 2.]

The Newtonian method for the Root Finding excercise took 89 iterations for the Rosenbrok function and 5 iterations for the Himmelblau funtion.
However, the starting points were closer to the solutions.

 ------------ MINIMIZATION WITH QUASI-NEWTON METHOD FOR THE GIVEN POINTS ------------
Process finish after 70 iterations.
The fit can be seen in the plot "plot.svg".


0.00 4.788943
0.01 4.777863
0.02 4.766818
0.03 4.755808
0.04 4.744831
0.05 4.733889
0.06 4.722981
0.07 4.712107
0.08 4.701267
0.09 4.690460
0.10 4.679687
0.11 4.668948
0.12 4.658242
0.13 4.647570
0.14 4.636931
0.15 4.626325
0.16 4.615752
0.17 4.605211
0.18 4.594704
0.19 4.584230
0.20 4.573788
0.21 4.563378
0.22 4.553001
0.23 4.542657
0.24 4.532344
0.25 4.522064
0.26 4.511816
0.27 4.501599
0.28 4.491415
0.29 4.481262
0.30 4.471141
0.31 4.461051
0.32 4.450993
0.33 4.440966
0.34 4.430970
0.35 4.421006
0.36 4.411072
0.37 4.401170
0.38 4.391298
0.39 4.381457
0.40 4.371647
0.41 4.361867
0.42 4.352118
0.43 4.342399
0.44 4.332710
0.45 4.323052
0.46 4.313423
0.47 4.303825
0.48 4.294256
0.49 4.284718
0.50 4.275209
0.51 4.265729
0.52 4.256279
0.53 4.246859
0.54 4.237468
0.55 4.228106
0.56 4.218773
0.57 4.209470
0.58 4.200195
0.59 4.190949
0.60 4.181733
0.61 4.172544
0.62 4.163385
0.63 4.154254
0.64 4.145151
0.65 4.136077
0.66 4.127031
0.67 4.118013
0.68 4.109023
0.69 4.100062
0.70 4.091128
0.71 4.082222
0.72 4.073344
0.73 4.064493
0.74 4.055670
0.75 4.046874
0.76 4.038106
0.77 4.029365
0.78 4.020652
0.79 4.011965
0.80 4.003306
0.81 3.994674
0.82 3.986068
0.83 3.977489
0.84 3.968937
0.85 3.960412
0.86 3.951913
0.87 3.943441
0.88 3.934995
0.89 3.926575
0.90 3.918182
0.91 3.909814
0.92 3.901473
0.93 3.893158
0.94 3.884869
0.95 3.876605
0.96 3.868367
0.97 3.860155
0.98 3.851969
0.99 3.843808
1.00 3.835672
1.01 3.827562
1.02 3.819477
1.03 3.811417
1.04 3.803382
1.05 3.795372
1.06 3.787388
1.07 3.779428
1.08 3.771493
1.09 3.763582
1.10 3.755697
1.11 3.747835
1.12 3.739999
1.13 3.732186
1.14 3.724398
1.15 3.716635
1.16 3.708895
1.17 3.701180
1.18 3.693489
1.19 3.685821
1.20 3.678178
1.21 3.670558
1.22 3.662962
1.23 3.655390
1.24 3.647841
1.25 3.640316
1.26 3.632814
1.27 3.625336
1.28 3.617880
1.29 3.610449
1.30 3.603040
1.31 3.595654
1.32 3.588291
1.33 3.580952
1.34 3.573635
1.35 3.566341
1.36 3.559069
1.37 3.551821
1.38 3.544595
1.39 3.537391
1.40 3.530210
1.41 3.523051
1.42 3.515915
1.43 3.508800
1.44 3.501708
1.45 3.494638
1.46 3.487590
1.47 3.480564
1.48 3.473560
1.49 3.466577
1.50 3.459617
1.51 3.452678
1.52 3.445761
1.53 3.438865
1.54 3.431991
1.55 3.425138
1.56 3.418306
1.57 3.411496
1.58 3.404707
1.59 3.397939
1.60 3.391192
1.61 3.384466
1.62 3.377762
1.63 3.371078
1.64 3.364415
1.65 3.357772
1.66 3.351150
1.67 3.344549
1.68 3.337969
1.69 3.331409
1.70 3.324869
1.71 3.318350
1.72 3.311851
1.73 3.305373
1.74 3.298914
1.75 3.292476
1.76 3.286057
1.77 3.279659
1.78 3.273281
1.79 3.266922
1.80 3.260583
1.81 3.254264
1.82 3.247965
1.83 3.241686
1.84 3.235425
1.85 3.229185
1.86 3.222964
1.87 3.216762
1.88 3.210579
1.89 3.204416
1.90 3.198272
1.91 3.192147
1.92 3.186042
1.93 3.179955
1.94 3.173887
1.95 3.167838
1.96 3.161808
1.97 3.155797
1.98 3.149804
1.99 3.143830
2.00 3.137875
2.01 3.131938
2.02 3.126020
2.03 3.120120
2.04 3.114239
2.05 3.108376
2.06 3.102531
2.07 3.096704
2.08 3.090895
2.09 3.085105
2.10 3.079333
2.11 3.073578
2.12 3.067842
2.13 3.062123
2.14 3.056422
2.15 3.050739
2.16 3.045074
2.17 3.039426
2.18 3.033796
2.19 3.028184
2.20 3.022589
2.21 3.017011
2.22 3.011451
2.23 3.005908
2.24 3.000382
2.25 2.994874
2.26 2.989382
2.27 2.983908
2.28 2.978451
2.29 2.973011
2.30 2.967588
2.31 2.962181
2.32 2.956792
2.33 2.951419
2.34 2.946063
2.35 2.940724
2.36 2.935401
2.37 2.930095
2.38 2.924806
2.39 2.919532
2.40 2.914276
2.41 2.909036
2.42 2.903812
2.43 2.898604
2.44 2.893412
2.45 2.888237
2.46 2.883078
2.47 2.877935
2.48 2.872808
2.49 2.867697
2.50 2.862602
2.51 2.857522
2.52 2.852459
2.53 2.847411
2.54 2.842379
2.55 2.837363
2.56 2.832362
2.57 2.827377
2.58 2.822407
2.59 2.817453
2.60 2.812515
2.61 2.807591
2.62 2.802683
2.63 2.797791
2.64 2.792913
2.65 2.788051
2.66 2.783204
2.67 2.778372
2.68 2.773555
2.69 2.768753
2.70 2.763966
2.71 2.759194
2.72 2.754437
2.73 2.749694
2.74 2.744967
2.75 2.740254
2.76 2.735556
2.77 2.730872
2.78 2.726203
2.79 2.721549
2.80 2.716909
2.81 2.712283
2.82 2.707672
2.83 2.703075
2.84 2.698493
2.85 2.693925
2.86 2.689371
2.87 2.684831
2.88 2.680306
2.89 2.675794
2.90 2.671297
2.91 2.666813
2.92 2.662344
2.93 2.657888
2.94 2.653447
2.95 2.649019
2.96 2.644605
2.97 2.640204
2.98 2.635818
2.99 2.631445
3.00 2.627086
3.01 2.622740
3.02 2.618408
3.03 2.614089
3.04 2.609784
3.05 2.605492
3.06 2.601214
3.07 2.596948
3.08 2.592697
3.09 2.588458
3.10 2.584233
3.11 2.580020
3.12 2.575821
3.13 2.571635
3.14 2.567462
3.15 2.563302
3.16 2.559155
3.17 2.555021
3.18 2.550900
3.19 2.546791
3.20 2.542696
3.21 2.538613
3.22 2.534543
3.23 2.530485
3.24 2.526441
3.25 2.522408
3.26 2.518389
3.27 2.514381
3.28 2.510387
3.29 2.506405
3.30 2.502435
3.31 2.498477
3.32 2.494532
3.33 2.490599
3.34 2.486679
3.35 2.482770
3.36 2.478874
3.37 2.474990
3.38 2.471118
3.39 2.467258
3.40 2.463410
3.41 2.459575
3.42 2.455751
3.43 2.451939
3.44 2.448138
3.45 2.444350
3.46 2.440574
3.47 2.436809
3.48 2.433056
3.49 2.429314
3.50 2.425585
3.51 2.421867
3.52 2.418160
3.53 2.414465
3.54 2.410782
3.55 2.407110
3.56 2.403449
3.57 2.399800
3.58 2.396163
3.59 2.392536
3.60 2.388921
3.61 2.385317
3.62 2.381724
3.63 2.378143
3.64 2.374573
3.65 2.371014
3.66 2.367465
3.67 2.363928
3.68 2.360402
3.69 2.356887
3.70 2.353383
3.71 2.349890
3.72 2.346408
3.73 2.342936
3.74 2.339476
3.75 2.336026
3.76 2.332587
3.77 2.329158
3.78 2.325741
3.79 2.322334
3.80 2.318937
3.81 2.315551
3.82 2.312176
3.83 2.308811
3.84 2.305457
3.85 2.302113
3.86 2.298779
3.87 2.295456
3.88 2.292144
3.89 2.288841
3.90 2.285549
3.91 2.282267
3.92 2.278995
3.93 2.275734
3.94 2.272483
3.95 2.269242
3.96 2.266010
3.97 2.262789
3.98 2.259578
3.99 2.256377
4.00 2.253186
4.01 2.250005
4.02 2.246834
4.03 2.243673
4.04 2.240521
4.05 2.237380
4.06 2.234248
4.07 2.231126
4.08 2.228014
4.09 2.224911
4.10 2.221818
4.11 2.218735
4.12 2.215661
4.13 2.212597
4.14 2.209542
4.15 2.206497
4.16 2.203461
4.17 2.200435
4.18 2.197418
4.19 2.194411
4.20 2.191413
4.21 2.188424
4.22 2.185445
4.23 2.182475
4.24 2.179514
4.25 2.176562
4.26 2.173620
4.27 2.170687
4.28 2.167763
4.29 2.164848
4.30 2.161942
4.31 2.159045
4.32 2.156157
4.33 2.153278
4.34 2.150408
4.35 2.147547
4.36 2.144695
4.37 2.141852
4.38 2.139018
4.39 2.136192
4.40 2.133376
4.41 2.130568
4.42 2.127769
4.43 2.124978
4.44 2.122197
4.45 2.119424
4.46 2.116659
4.47 2.113903
4.48 2.111156
4.49 2.108417
4.50 2.105687
4.51 2.102966
4.52 2.100253
4.53 2.097548
4.54 2.094852
4.55 2.092164
4.56 2.089484
4.57 2.086813
4.58 2.084150
4.59 2.081496
4.60 2.078849
4.61 2.076211
4.62 2.073581
4.63 2.070960
4.64 2.068346
4.65 2.065741
4.66 2.063144
4.67 2.060555
4.68 2.057974
4.69 2.055401
4.70 2.052836
4.71 2.050279
4.72 2.047730
4.73 2.045188
4.74 2.042655
4.75 2.040130
4.76 2.037612
4.77 2.035103
4.78 2.032601
4.79 2.030107
4.80 2.027621
4.81 2.025142
4.82 2.022672
4.83 2.020209
4.84 2.017753
4.85 2.015306
4.86 2.012865
4.87 2.010433
4.88 2.008008
4.89 2.005591
4.90 2.003181
4.91 2.000778
4.92 1.998384
4.93 1.995996
4.94 1.993616
4.95 1.991244
4.96 1.988878
4.97 1.986521
4.98 1.984170
4.99 1.981827
5.00 1.979491
5.01 1.977163
5.02 1.974841
5.03 1.972527
5.04 1.970220
5.05 1.967921
5.06 1.965628
5.07 1.963343
5.08 1.961065
5.09 1.958793
5.10 1.956529
5.11 1.954272
5.12 1.952022
5.13 1.949779
5.14 1.947543
5.15 1.945314
5.16 1.943092
5.17 1.940877
5.18 1.938669
5.19 1.936467
5.20 1.934273
5.21 1.932085
5.22 1.929904
5.23 1.927730
5.24 1.925563
5.25 1.923402
5.26 1.921248
5.27 1.919101
5.28 1.916961
5.29 1.914827
5.30 1.912700
5.31 1.910579
5.32 1.908465
5.33 1.906358
5.34 1.904257
5.35 1.902163
5.36 1.900075
5.37 1.897994
5.38 1.895920
5.39 1.893851
5.40 1.891790
5.41 1.889734
5.42 1.887685
5.43 1.885643
5.44 1.883606
5.45 1.881576
5.46 1.879553
5.47 1.877536
5.48 1.875525
5.49 1.873520
5.50 1.871521
5.51 1.869529
5.52 1.867543
5.53 1.865563
5.54 1.863590
5.55 1.861622
5.56 1.859661
5.57 1.857705
5.58 1.855756
5.59 1.853813
5.60 1.851876
5.61 1.849945
5.62 1.848020
5.63 1.846101
5.64 1.844188
5.65 1.842281
5.66 1.840380
5.67 1.838484
5.68 1.836595
5.69 1.834711
5.70 1.832834
5.71 1.830962
5.72 1.829096
5.73 1.827236
5.74 1.825382
5.75 1.823533
5.76 1.821691
5.77 1.819854
5.78 1.818022
5.79 1.816197
5.80 1.814377
5.81 1.812562
5.82 1.810754
5.83 1.808951
5.84 1.807154
5.85 1.805362
5.86 1.803576
5.87 1.801795
5.88 1.800020
5.89 1.798250
5.90 1.796486
5.91 1.794728
5.92 1.792975
5.93 1.791227
5.94 1.789485
5.95 1.787748
5.96 1.786017
5.97 1.784291
5.98 1.782571
5.99 1.780855
6.00 1.779146
6.01 1.777441
6.02 1.775742
6.03 1.774048
6.04 1.772359
6.05 1.770676
6.06 1.768998
6.07 1.767325
6.08 1.765657
6.09 1.763995
6.10 1.762337
6.11 1.760685
6.12 1.759038
6.13 1.757396
6.14 1.755760
6.15 1.754128
6.16 1.752501
6.17 1.750880
6.18 1.749263
6.19 1.747652
6.20 1.746046
6.21 1.744444
6.22 1.742848
6.23 1.741256
6.24 1.739670
6.25 1.738088
6.26 1.736512
6.27 1.734940
6.28 1.733373
6.29 1.731811
6.30 1.730254
6.31 1.728702
6.32 1.727155
6.33 1.725612
6.34 1.724074
6.35 1.722541
6.36 1.721013
6.37 1.719490
6.38 1.717971
6.39 1.716457
6.40 1.714948
6.41 1.713443
6.42 1.711943
6.43 1.710448
6.44 1.708958
6.45 1.707472
6.46 1.705990
6.47 1.704514
6.48 1.703042
6.49 1.701574
6.50 1.700111
6.51 1.698653
6.52 1.697199
6.53 1.695750
6.54 1.694305
6.55 1.692865
6.56 1.691429
6.57 1.689998
6.58 1.688571
6.59 1.687149
6.60 1.685731
6.61 1.684317
6.62 1.682908
6.63 1.681503
6.64 1.680103
6.65 1.678707
6.66 1.677315
6.67 1.675928
6.68 1.674545
6.69 1.673166
6.70 1.671792
6.71 1.670422
6.72 1.669056
6.73 1.667694
6.74 1.666337
6.75 1.664984
6.76 1.663635
6.77 1.662290
6.78 1.660950
6.79 1.659613
6.80 1.658281
6.81 1.656953
6.82 1.655629
6.83 1.654310
6.84 1.652994
6.85 1.651682
6.86 1.650375
6.87 1.649071
6.88 1.647772
6.89 1.646477
6.90 1.645186
6.91 1.643898
6.92 1.642615
6.93 1.641336
6.94 1.640061
6.95 1.638789
6.96 1.637522
6.97 1.636259
6.98 1.634999
6.99 1.633744
7.00 1.632492
7.01 1.631244
7.02 1.630001
7.03 1.628761
7.04 1.627525
7.05 1.626292
7.06 1.625064
7.07 1.623839
7.08 1.622619
7.09 1.621402
7.10 1.620188
7.11 1.618979
7.12 1.617773
7.13 1.616572
7.14 1.615374
7.15 1.614179
7.16 1.612988
7.17 1.611802
7.18 1.610618
7.19 1.609439
7.20 1.608263
7.21 1.607091
7.22 1.605922
7.23 1.604757
7.24 1.603596
7.25 1.602438
7.26 1.601284
7.27 1.600133
7.28 1.598987
7.29 1.597843
7.30 1.596703
7.31 1.595567
7.32 1.594434
7.33 1.593305
7.34 1.592180
7.35 1.591058
7.36 1.589939
7.37 1.588824
7.38 1.587712
7.39 1.586604
7.40 1.585499
7.41 1.584398
7.42 1.583300
7.43 1.582205
7.44 1.581114
7.45 1.580027
7.46 1.578942
7.47 1.577861
7.48 1.576784
7.49 1.575710
7.50 1.574639
7.51 1.573571
7.52 1.572507
7.53 1.571446
7.54 1.570389
7.55 1.569335
7.56 1.568284
7.57 1.567236
7.58 1.566191
7.59 1.565150
7.60 1.564112
7.61 1.563078
7.62 1.562046
7.63 1.561018
7.64 1.559993
7.65 1.558971
7.66 1.557952
7.67 1.556937
7.68 1.555924
7.69 1.554915
7.70 1.553909
7.71 1.552906
7.72 1.551906
7.73 1.550910
7.74 1.549916
7.75 1.548925
7.76 1.547938
7.77 1.546954
7.78 1.545972
7.79 1.544994
7.80 1.544019
7.81 1.543047
7.82 1.542078
7.83 1.541112
7.84 1.540149
7.85 1.539189
7.86 1.538232
7.87 1.537277
7.88 1.536326
7.89 1.535378
7.90 1.534433
7.91 1.533491
7.92 1.532551
7.93 1.531615
7.94 1.530681
7.95 1.529751
7.96 1.528823
7.97 1.527898
7.98 1.526977
7.99 1.526057
8.00 1.525141
8.01 1.524228
8.02 1.523318
8.03 1.522410
8.04 1.521505
8.05 1.520603
8.06 1.519704
8.07 1.518807
8.08 1.517914
8.09 1.517023
8.10 1.516135
8.11 1.515250
8.12 1.514367
8.13 1.513487
8.14 1.512610
8.15 1.511736
8.16 1.510865
8.17 1.509996
8.18 1.509130
8.19 1.508266
8.20 1.507405
8.21 1.506547
8.22 1.505692
8.23 1.504839
8.24 1.503989
8.25 1.503142
8.26 1.502297
8.27 1.501455
8.28 1.500615
8.29 1.499778
8.30 1.498944
8.31 1.498112
8.32 1.497283
8.33 1.496456
8.34 1.495633
8.35 1.494811
8.36 1.493992
8.37 1.493176
8.38 1.492362
8.39 1.491551
8.40 1.490742
8.41 1.489936
8.42 1.489132
8.43 1.488331
8.44 1.487533
8.45 1.486736
8.46 1.485943
8.47 1.485152
8.48 1.484363
8.49 1.483576
8.50 1.482793
8.51 1.482011
8.52 1.481232
8.53 1.480456
8.54 1.479682
8.55 1.478910
8.56 1.478140
8.57 1.477374
8.58 1.476609
8.59 1.475847
8.60 1.475087
8.61 1.474330
8.62 1.473575
8.63 1.472822
8.64 1.472072
8.65 1.471324
8.66 1.470578
8.67 1.469834
8.68 1.469093
8.69 1.468355
8.70 1.467618
8.71 1.466884
8.72 1.466152
8.73 1.465423
8.74 1.464695
8.75 1.463970
8.76 1.463248
8.77 1.462527
8.78 1.461809
8.79 1.461093
8.80 1.460379
8.81 1.459667
8.82 1.458958
8.83 1.458251
8.84 1.457546
8.85 1.456843
8.86 1.456142
8.87 1.455444
8.88 1.454748
8.89 1.454054
8.90 1.453362
8.91 1.452672
8.92 1.451984
8.93 1.451299
8.94 1.450616
8.95 1.449934
8.96 1.449255
8.97 1.448578
8.98 1.447904
8.99 1.447231
9.00 1.446560
9.01 1.445892
9.02 1.445225
9.03 1.444561
9.04 1.443898
9.05 1.443238
9.06 1.442580
9.07 1.441924
9.08 1.441270
9.09 1.440618
9.10 1.439968
9.11 1.439320
9.12 1.438674
9.13 1.438030
9.14 1.437388
9.15 1.436748
9.16 1.436110
9.17 1.435474
9.18 1.434840
9.19 1.434208
9.20 1.433577
9.21 1.432949
9.22 1.432323
9.23 1.431699
9.24 1.431077
9.25 1.430456
9.26 1.429838
9.27 1.429222
9.28 1.428607
9.29 1.427994
9.30 1.427384
9.31 1.426775
9.32 1.426168
9.33 1.425563
9.34 1.424960
9.35 1.424358
9.36 1.423759
9.37 1.423162
9.38 1.422566
9.39 1.421972
9.40 1.421380
9.41 1.420790
9.42 1.420202
9.43 1.419615
9.44 1.419031
9.45 1.418448
9.46 1.417867
9.47 1.417288
9.48 1.416710
9.49 1.416135
9.50 1.415561
9.51 1.414989
9.52 1.414419
9.53 1.413850
9.54 1.413284
9.55 1.412719
9.56 1.412155
9.57 1.411594
9.58 1.411034
9.59 1.410477
9.60 1.409920
9.61 1.409366
9.62 1.408813
9.63 1.408262
9.64 1.407713
9.65 1.407165
9.66 1.406620
9.67 1.406075
9.68 1.405533
9.69 1.404992
9.70 1.404453
9.71 1.403916
9.72 1.403380
9.73 1.402846
9.74 1.402314
9.75 1.401783
9.76 1.401254
9.77 1.400726
9.78 1.400201
9.79 1.399676
9.80 1.399154
9.81 1.398633
9.82 1.398114
9.83 1.397596
9.84 1.397080
9.85 1.396566
9.86 1.396053
9.87 1.395542
9.88 1.395032
9.89 1.394524
9.90 1.394017
9.91 1.393513
9.92 1.393009
9.93 1.392507
9.94 1.392007
9.95 1.391509
9.96 1.391012
9.97 1.390516
9.98 1.390022
9.99 1.389530
